ix,iy,lon_west,lon_east,lat_south,lat_north,lon_center,lat_center,count
170,13,160.0,162.0,-51.0,-48.0,161.0,-49.5,1
115,14,50.0,52.0,-48.0,-45.0,51.0,-46.5,1
169,14,158.0,160.0,-48.0,-45.0,159.0,-46.5,1
111,15,42.0,44.0,-45.0,-42.0,43.0,-43.5,1
113,15,46.0,48.0,-45.0,-42.0,47.0,-43.5,1
115,15,50.0,52.0,-45.0,-42.0,51.0,-43.5,1
169,15,158.0,160.0,-45.0,-42.0,159.0,-43.5,1
109,16,38.0,40.0,-42.0,-39.0,39.0,-40.5,8
110,16,40.0,42.0,-42.0,-39.0,41.0,-40.5,1
113,16,46.0,48.0,-42.0,-39.0,47.0,-40.5,1
114,16,48.0,50.0,-42.0,-39.0,49.0,-40.5,2
117,16,54.0,56.0,-42.0,-39.0,55.0,-40.5,2
118,16,56.0,58.0,-42.0,-39.0,57.0,-40.5,1
119,16,58.0,60.0,-42.0,-39.0,59.0,-40.5,1
120,16,60.0,62.0,-42.0,-39.0,61.0,-40.5,1
122,16,64.0,66.0,-42.0,-39.0,65.0,-40.5,1
123,16,66.0,68.0,-42.0,-39.0,67.0,-40.5,1
124,16,68.0,70.0,-42.0,-39.0,69.0,-40.5,1
125,16,70.0,72.0,-42.0,-39.0,71.0,-40.5,1
126,16,72.0,74.0,-42.0,-39.0,73.0,-40.5,1
127,16,74.0,76.0,-42.0,-39.0,75.0,-40.5,1
128,16,76.0,78.0,-42.0,-39.0,77.0,-40.5,1
131,16,82.0,84.0,-42.0,-39.0,83.0,-40.5,1
132,16,84.0,86.0,-42.0,-39.0,85.0,-40.5,1
134,16,88.0,90.0,-42.0,-39.0,89.0,-40.5,1
135,16,90.0,92.0,-42.0,-39.0,91.0,-40.5,1
137,16,94.0,96.0,-42.0,-39.0,95.0,-40.5,1
167,16,154.0,156.0,-42.0,-39.0,155.0,-40.5,1
168,16,156.0,158.0,-42.0,-39.0,157.0,-40.5,1
169,16,158.0,160.0,-42.0,-39.0,159.0,-40.5,3
172,16,164.0,166.0,-42.0,-39.0,165.0,-40.5,1
176,16,172.0,174.0,-42.0,-39.0,173.0,-40.5,2
108,17,36.0,38.0,-39.0,-36.0,37.0,-37.5,1
109,17,38.0,40.0,-39.0,-36.0,39.0,-37.5,3
110,17,40.0,42.0,-39.0,-36.0,41.0,-37.5,4
111,17,42.0,44.0,-39.0,-36.0,43.0,-37.5,3
114,17,48.0,50.0,-39.0,-36.0,49.0,-37.5,4
115,17,50.0,52.0,-39.0,-36.0,51.0,-37.5,2
116,17,52.0,54.0,-39.0,-36.0,53.0,-37.5,6
117,17,54.0,56.0,-39.0,-36.0,55.0,-37.5,3
118,17,56.0,58.0,-39.0,-36.0,57.0,-37.5,2
119,17,58.0,60.0,-39.0,-36.0,59.0,-37.5,5
120,17,60.0,62.0,-39.0,-36.0,61.0,-37.5,3
121,17,62.0,64.0,-39.0,-36.0,63.0,-37.5,3
122,17,64.0,66.0,-39.0,-36.0,65.0,-37.5,5
123,17,66.0,68.0,-39.0,-36.0,67.0,-37.5,3
124,17,68.0,70.0,-39.0,-36.0,69.0,-37.5,4
125,17,70.0,72.0,-39.0,-36.0,71.0,-37.5,1
126,17,72.0,74.0,-39.0,-36.0,73.0,-37.5,5
127,17,74.0,76.0,-39.0,-36.0,75.0,-37.5,3
128,17,76.0,78.0,-39.0,-36.0,77.0,-37.5,5
129,17,78.0,80.0,-39.0,-36.0,79.0,-37.5,1
130,17,80.0,82.0,-39.0,-36.0,81.0,-37.5,2
131,17,82.0,84.0,-39.0,-36.0,83.0,-37.5,1
133,17,86.0,88.0,-39.0,-36.0,87.0,-37.5,2
135,17,90.0,92.0,-39.0,-36.0,91.0,-37.5,1
136,17,92.0,94.0,-39.0,-36.0,93.0,-37.5,1
149,17,118.0,120.0,-39.0,-36.0,119.0,-37.5,1
166,17,152.0,154.0,-39.0,-36.0,153.0,-37.5,2
167,17,154.0,156.0,-39.0,-36.0,155.0,-37.5,5
169,17,158.0,160.0,-39.0,-36.0,159.0,-37.5,9
171,17,162.0,164.0,-39.0,-36.0,163.0,-37.5,3
172,17,164.0,166.0,-39.0,-36.0,165.0,-37.5,1
173,17,166.0,168.0,-39.0,-36.0,167.0,-37.5,1
174,17,168.0,170.0,-39.0,-36.0,169.0,-37.5,3
175,17,170.0,172.0,-39.0,-36.0,171.0,-37.5,4
106,18,32.0,34.0,-36.0,-33.0,33.0,-34.5,1
107,18,34.0,36.0,-36.0,-33.0,35.0,-34.5,1
108,18,36.0,38.0,-36.0,-33.0,37.0,-34.5,4
109,18,38.0,40.0,-36.0,-33.0,39.0,-34.5,4
110,18,40.0,42.0,-36.0,-33.0,41.0,-34.5,3
112,18,44.0,46.0,-36.0,-33.0,45.0,-34.5,2
113,18,46.0,48.0,-36.0,-33.0,47.0,-34.5,5
114,18,48.0,50.0,-36.0,-33.0,49.0,-34.5,2
115,18,50.0,52.0,-36.0,-33.0,51.0,-34.5,8
116,18,52.0,54.0,-36.0,-33.0,53.0,-34.5,8
117,18,54.0,56.0,-36.0,-33.0,55.0,-34.5,7
118,18,56.0,58.0,-36.0,-33.0,57.0,-34.5,4
119,18,58.0,60.0,-36.0,-33.0,59.0,-34.5,7
120,18,60.0,62.0,-36.0,-33.0,61.0,-34.5,6
121,18,62.0,64.0,-36.0,-33.0,63.0,-34.5,6
122,18,64.0,66.0,-36.0,-33.0,65.0,-34.5,3
123,18,66.0,68.0,-36.0,-33.0,67.0,-34.5,4
124,18,68.0,70.0,-36.0,-33.0,69.0,-34.5,7
125,18,70.0,72.0,-36.0,-33.0,71.0,-34.5,7
126,18,72.0,74.0,-36.0,-33.0,73.0,-34.5,4
127,18,74.0,76.0,-36.0,-33.0,75.0,-34.5,9
128,18,76.0,78.0,-36.0,-33.0,77.0,-34.5,3
129,18,78.0,80.0,-36.0,-33.0,79.0,-34.5,7
132,18,84.0,86.0,-36.0,-33.0,85.0,-34.5,2
134,18,88.0,90.0,-36.0,-33.0,89.0,-34.5,1
147,18,114.0,116.0,-36.0,-33.0,115.0,-34.5,1
148,18,116.0,118.0,-36.0,-33.0,117.0,-34.5,1
149,18,118.0,120.0,-36.0,-33.0,119.0,-34.5,1
165,18,150.0,152.0,-36.0,-33.0,151.0,-34.5,2
166,18,152.0,154.0,-36.0,-33.0,153.0,-34.5,1
167,18,154.0,156.0,-36.0,-33.0,155.0,-34.5,2
168,18,156.0,158.0,-36.0,-33.0,157.0,-34.5,5
169,18,158.0,160.0,-36.0,-33.0,159.0,-34.5,3
170,18,160.0,162.0,-36.0,-33.0,161.0,-34.5,2
171,18,162.0,164.0,-36.0,-33.0,163.0,-34.5,2
172,18,164.0,166.0,-36.0,-33.0,165.0,-34.5,7
173,18,166.0,168.0,-36.0,-33.0,167.0,-34.5,2
174,18,168.0,170.0,-36.0,-33.0,169.0,-34.5,5
175,18,170.0,172.0,-36.0,-33.0,171.0,-34.5,6
176,18,172.0,174.0,-36.0,-33.0,173.0,-34.5,2
178,18,176.0,178.0,-36.0,-33.0,177.0,-34.5,1
179,18,178.0,180.0,-36.0,-33.0,179.0,-34.5,1
107,19,34.0,36.0,-33.0,-30.0,35.0,-31.5,5
108,19,36.0,38.0,-33.0,-30.0,37.0,-31.5,9
109,19,38.0,40.0,-33.0,-30.0,39.0,-31.5,8
110,19,40.0,42.0,-33.0,-30.0,41.0,-31.5,3
111,19,42.0,44.0,-33.0,-30.0,43.0,-31.5,8
112,19,44.0,46.0,-33.0,-30.0,45.0,-31.5,13
113,19,46.0,48.0,-33.0,-30.0,47.0,-31.5,5
114,19,48.0,50.0,-33.0,-30.0,49.0,-31.5,8
115,19,50.0,52.0,-33.0,-30.0,51.0,-31.5,25
116,19,52.0,54.0,-33.0,-30.0,53.0,-31.5,14
117,19,54.0,56.0,-33.0,-30.0,55.0,-31.5,33
118,19,56.0,58.0,-33.0,-30.0,57.0,-31.5,31
119,19,58.0,60.0,-33.0,-30.0,59.0,-31.5,11
120,19,60.0,62.0,-33.0,-30.0,61.0,-31.5,21
121,19,62.0,64.0,-33.0,-30.0,63.0,-31.5,8
122,19,64.0,66.0,-33.0,-30.0,65.0,-31.5,13
123,19,66.0,68.0,-33.0,-30.0,67.0,-31.5,16
124,19,68.0,70.0,-33.0,-30.0,69.0,-31.5,32
125,19,70.0,72.0,-33.0,-30.0,71.0,-31.5,7
126,19,72.0,74.0,-33.0,-30.0,73.0,-31.5,10
127,19,74.0,76.0,-33.0,-30.0,75.0,-31.5,12
128,19,76.0,78.0,-33.0,-30.0,77.0,-31.5,9
129,19,78.0,80.0,-33.0,-30.0,79.0,-31.5,4
130,19,80.0,82.0,-33.0,-30.0,81.0,-31.5,3
131,19,82.0,84.0,-33.0,-30.0,83.0,-31.5,5
132,19,84.0,86.0,-33.0,-30.0,85.0,-31.5,5
133,19,86.0,88.0,-33.0,-30.0,87.0,-31.5,1
134,19,88.0,90.0,-33.0,-30.0,89.0,-31.5,1
145,19,110.0,112.0,-33.0,-30.0,111.0,-31.5,1
146,19,112.0,114.0,-33.0,-30.0,113.0,-31.5,2
147,19,114.0,116.0,-33.0,-30.0,115.0,-31.5,3
148,19,116.0,118.0,-33.0,-30.0,117.0,-31.5,3
149,19,118.0,120.0,-33.0,-30.0,119.0,-31.5,1
151,19,122.0,124.0,-33.0,-30.0,123.0,-31.5,1
153,19,126.0,128.0,-33.0,-30.0,127.0,-31.5,1
163,19,146.0,148.0,-33.0,-30.0,147.0,-31.5,1
164,19,148.0,150.0,-33.0,-30.0,149.0,-31.5,4
165,19,150.0,152.0,-33.0,-30.0,151.0,-31.5,3
166,19,152.0,154.0,-33.0,-30.0,153.0,-31.5,6
167,19,154.0,156.0,-33.0,-30.0,155.0,-31.5,6
168,19,156.0,158.0,-33.0,-30.0,157.0,-31.5,8
169,19,158.0,160.0,-33.0,-30.0,159.0,-31.5,11
170,19,160.0,162.0,-33.0,-30.0,161.0,-31.5,4
171,19,162.0,164.0,-33.0,-30.0,163.0,-31.5,8
172,19,164.0,166.0,-33.0,-30.0,165.0,-31.5,6
173,19,166.0,168.0,-33.0,-30.0,167.0,-31.5,2
174,19,168.0,170.0,-33.0,-30.0,169.0,-31.5,12
175,19,170.0,172.0,-33.0,-30.0,171.0,-31.5,5
176,19,172.0,174.0,-33.0,-30.0,173.0,-31.5,11
177,19,174.0,176.0,-33.0,-30.0,175.0,-31.5,9
178,19,176.0,178.0,-33.0,-30.0,177.0,-31.5,3
179,19,178.0,180.0,-33.0,-30.0,179.0,-31.5,4
108,20,36.0,38.0,-30.0,-27.0,37.0,-28.5,12
109,20,38.0,40.0,-30.0,-27.0,39.0,-28.5,11
110,20,40.0,42.0,-30.0,-27.0,41.0,-28.5,3
111,20,42.0,44.0,-30.0,-27.0,43.0,-28.5,18
112,20,44.0,46.0,-30.0,-27.0,45.0,-28.5,17
113,20,46.0,48.0,-30.0,-27.0,47.0,-28.5,14
114,20,48.0,50.0,-30.0,-27.0,49.0,-28.5,24
115,20,50.0,52.0,-30.0,-27.0,51.0,-28.5,51
116,20,52.0,54.0,-30.0,-27.0,53.0,-28.5,25
117,20,54.0,56.0,-30.0,-27.0,55.0,-28.5,41
118,20,56.0,58.0,-30.0,-27.0,57.0,-28.5,41
119,20,58.0,60.0,-30.0,-27.0,59.0,-28.5,37
120,20,60.0,62.0,-30.0,-27.0,61.0,-28.5,37
121,20,62.0,64.0,-30.0,-27.0,63.0,-28.5,31
122,20,64.0,66.0,-30.0,-27.0,65.0,-28.5,34
123,20,66.0,68.0,-30.0,-27.0,67.0,-28.5,19
124,20,68.0,70.0,-30.0,-27.0,69.0,-28.5,20
125,20,70.0,72.0,-30.0,-27.0,71.0,-28.5,7
126,20,72.0,74.0,-30.0,-27.0,73.0,-28.5,9
127,20,74.0,76.0,-30.0,-27.0,75.0,-28.5,21
128,20,76.0,78.0,-30.0,-27.0,77.0,-28.5,4
129,20,78.0,80.0,-30.0,-27.0,79.0,-28.5,11
130,20,80.0,82.0,-30.0,-27.0,81.0,-28.5,14
131,20,82.0,84.0,-30.0,-27.0,83.0,-28.5,2
132,20,84.0,86.0,-30.0,-27.0,85.0,-28.5,12
133,20,86.0,88.0,-30.0,-27.0,87.0,-28.5,2
134,20,88.0,90.0,-30.0,-27.0,89.0,-28.5,1
139,20,98.0,100.0,-30.0,-27.0,99.0,-28.5,1
141,20,102.0,104.0,-30.0,-27.0,103.0,-28.5,3
142,20,104.0,106.0,-30.0,-27.0,105.0,-28.5,3
144,20,108.0,110.0,-30.0,-27.0,109.0,-28.5,3
145,20,110.0,112.0,-30.0,-27.0,111.0,-28.5,9
146,20,112.0,114.0,-30.0,-27.0,113.0,-28.5,5
147,20,114.0,116.0,-30.0,-27.0,115.0,-28.5,15
148,20,116.0,118.0,-30.0,-27.0,117.0,-28.5,7
149,20,118.0,120.0,-30.0,-27.0,119.0,-28.5,5
150,20,120.0,122.0,-30.0,-27.0,121.0,-28.5,1
151,20,122.0,124.0,-30.0,-27.0,123.0,-28.5,1
152,20,124.0,126.0,-30.0,-27.0,125.0,-28.5,3
153,20,126.0,128.0,-30.0,-27.0,127.0,-28.5,2
154,20,128.0,130.0,-30.0,-27.0,129.0,-28.5,1
155,20,130.0,132.0,-30.0,-27.0,131.0,-28.5,1
163,20,146.0,148.0,-30.0,-27.0,147.0,-28.5,1
164,20,148.0,150.0,-30.0,-27.0,149.0,-28.5,1
165,20,150.0,152.0,-30.0,-27.0,151.0,-28.5,2
166,20,152.0,154.0,-30.0,-27.0,153.0,-28.5,9
167,20,154.0,156.0,-30.0,-27.0,155.0,-28.5,19
168,20,156.0,158.0,-30.0,-27.0,157.0,-28.5,23
169,20,158.0,160.0,-30.0,-27.0,159.0,-28.5,9
170,20,160.0,162.0,-30.0,-27.0,161.0,-28.5,12
171,20,162.0,164.0,-30.0,-27.0,163.0,-28.5,13
172,20,164.0,166.0,-30.0,-27.0,165.0,-28.5,21
173,20,166.0,168.0,-30.0,-27.0,167.0,-28.5,6
174,20,168.0,170.0,-30.0,-27.0,169.0,-28.5,13
175,20,170.0,172.0,-30.0,-27.0,171.0,-28.5,12
176,20,172.0,174.0,-30.0,-27.0,173.0,-28.5,14
177,20,174.0,176.0,-30.0,-27.0,175.0,-28.5,19
178,20,176.0,178.0,-30.0,-27.0,177.0,-28.5,18
179,20,178.0,180.0,-30.0,-27.0,179.0,-28.5,9
106,21,32.0,34.0,-27.0,-24.0,33.0,-25.5,2
108,21,36.0,38.0,-27.0,-24.0,37.0,-25.5,7
109,21,38.0,40.0,-27.0,-24.0,39.0,-25.5,20
110,21,40.0,42.0,-27.0,-24.0,41.0,-25.5,22
111,21,42.0,44.0,-27.0,-24.0,43.0,-25.5,20
112,21,44.0,46.0,-27.0,-24.0,45.0,-25.5,14
113,21,46.0,48.0,-27.0,-24.0,47.0,-25.5,32
114,21,48.0,50.0,-27.0,-24.0,49.0,-25.5,37
115,21,50.0,52.0,-27.0,-24.0,51.0,-25.5,55
116,21,52.0,54.0,-27.0,-24.0,53.0,-25.5,41
117,21,54.0,56.0,-27.0,-24.0,55.0,-25.5,55
118,21,56.0,58.0,-27.0,-24.0,57.0,-25.5,42
119,21,58.0,60.0,-27.0,-24.0,59.0,-25.5,29
120,21,60.0,62.0,-27.0,-24.0,61.0,-25.5,38
121,21,62.0,64.0,-27.0,-24.0,63.0,-25.5,44
122,21,64.0,66.0,-27.0,-24.0,65.0,-25.5,42
123,21,66.0,68.0,-27.0,-24.0,67.0,-25.5,14
124,21,68.0,70.0,-27.0,-24.0,69.0,-25.5,22
125,21,70.0,72.0,-27.0,-24.0,71.0,-25.5,16
126,21,72.0,74.0,-27.0,-24.0,73.0,-25.5,9
127,21,74.0,76.0,-27.0,-24.0,75.0,-25.5,14
128,21,76.0,78.0,-27.0,-24.0,77.0,-25.5,15
129,21,78.0,80.0,-27.0,-24.0,79.0,-25.5,18
130,21,80.0,82.0,-27.0,-24.0,81.0,-25.5,8
131,21,82.0,84.0,-27.0,-24.0,83.0,-25.5,11
132,21,84.0,86.0,-27.0,-24.0,85.0,-25.5,15
133,21,86.0,88.0,-27.0,-24.0,87.0,-25.5,6
134,21,88.0,90.0,-27.0,-24.0,89.0,-25.5,3
138,21,96.0,98.0,-27.0,-24.0,97.0,-25.5,6
139,21,98.0,100.0,-27.0,-24.0,99.0,-25.5,7
140,21,100.0,102.0,-27.0,-24.0,101.0,-25.5,10
141,21,102.0,104.0,-27.0,-24.0,103.0,-25.5,10
142,21,104.0,106.0,-27.0,-24.0,105.0,-25.5,9
143,21,106.0,108.0,-27.0,-24.0,107.0,-25.5,11
144,21,108.0,110.0,-27.0,-24.0,109.0,-25.5,26
145,21,110.0,112.0,-27.0,-24.0,111.0,-25.5,20
146,21,112.0,114.0,-27.0,-24.0,113.0,-25.5,9
147,21,114.0,116.0,-27.0,-24.0,115.0,-25.5,33
148,21,116.0,118.0,-27.0,-24.0,117.0,-25.5,15
149,21,118.0,120.0,-27.0,-24.0,119.0,-25.5,14
150,21,120.0,122.0,-27.0,-24.0,121.0,-25.5,10
151,21,122.0,124.0,-27.0,-24.0,123.0,-25.5,7
152,21,124.0,126.0,-27.0,-24.0,125.0,-25.5,7
153,21,126.0,128.0,-27.0,-24.0,127.0,-25.5,4
161,21,142.0,144.0,-27.0,-24.0,143.0,-25.5,1
162,21,144.0,146.0,-27.0,-24.0,145.0,-25.5,4
163,21,146.0,148.0,-27.0,-24.0,147.0,-25.5,3
164,21,148.0,150.0,-27.0,-24.0,149.0,-25.5,4
165,21,150.0,152.0,-27.0,-24.0,151.0,-25.5,12
166,21,152.0,154.0,-27.0,-24.0,153.0,-25.5,4
167,21,154.0,156.0,-27.0,-24.0,155.0,-25.5,22
168,21,156.0,158.0,-27.0,-24.0,157.0,-25.5,21
169,21,158.0,160.0,-27.0,-24.0,159.0,-25.5,24
170,21,160.0,162.0,-27.0,-24.0,161.0,-25.5,9
171,21,162.0,164.0,-27.0,-24.0,163.0,-25.5,12
172,21,164.0,166.0,-27.0,-24.0,165.0,-25.5,32
173,21,166.0,168.0,-27.0,-24.0,167.0,-25.5,19
174,21,168.0,170.0,-27.0,-24.0,169.0,-25.5,37
175,21,170.0,172.0,-27.0,-24.0,171.0,-25.5,21
176,21,172.0,174.0,-27.0,-24.0,173.0,-25.5,20
177,21,174.0,176.0,-27.0,-24.0,175.0,-25.5,11
178,21,176.0,178.0,-27.0,-24.0,177.0,-25.5,35
179,21,178.0,180.0,-27.0,-24.0,179.0,-25.5,23
105,22,30.0,32.0,-24.0,-21.0,31.0,-22.5,2
106,22,32.0,34.0,-24.0,-21.0,33.0,-22.5,20
107,22,34.0,36.0,-24.0,-21.0,35.0,-22.5,47
108,22,36.0,38.0,-24.0,-21.0,37.0,-22.5,81
109,22,38.0,40.0,-24.0,-21.0,39.0,-22.5,102
110,22,40.0,42.0,-24.0,-21.0,41.0,-22.5,37
111,22,42.0,44.0,-24.0,-21.0,43.0,-22.5,46
112,22,44.0,46.0,-24.0,-21.0,45.0,-22.5,10
113,22,46.0,48.0,-24.0,-21.0,47.0,-22.5,12
114,22,48.0,50.0,-24.0,-21.0,49.0,-22.5,78
115,22,50.0,52.0,-24.0,-21.0,51.0,-22.5,122
116,22,52.0,54.0,-24.0,-21.0,53.0,-22.5,85
117,22,54.0,56.0,-24.0,-21.0,55.0,-22.5,128
118,22,56.0,58.0,-24.0,-21.0,57.0,-22.5,72
119,22,58.0,60.0,-24.0,-21.0,59.0,-22.5,39
120,22,60.0,62.0,-24.0,-21.0,61.0,-22.5,74
121,22,62.0,64.0,-24.0,-21.0,63.0,-22.5,89
122,22,64.0,66.0,-24.0,-21.0,65.0,-22.5,84
123,22,66.0,68.0,-24.0,-21.0,67.0,-22.5,40
124,22,68.0,70.0,-24.0,-21.0,69.0,-22.5,55
125,22,70.0,72.0,-24.0,-21.0,71.0,-22.5,32
126,22,72.0,74.0,-24.0,-21.0,73.0,-22.5,30
127,22,74.0,76.0,-24.0,-21.0,75.0,-22.5,27
128,22,76.0,78.0,-24.0,-21.0,77.0,-22.5,22
129,22,78.0,80.0,-24.0,-21.0,79.0,-22.5,42
130,22,80.0,82.0,-24.0,-21.0,81.0,-22.5,12
131,22,82.0,84.0,-24.0,-21.0,83.0,-22.5,20
132,22,84.0,86.0,-24.0,-21.0,85.0,-22.5,23
133,22,86.0,88.0,-24.0,-21.0,87.0,-22.5,16
134,22,88.0,90.0,-24.0,-21.0,89.0,-22.5,14
135,22,90.0,92.0,-24.0,-21.0,91.0,-22.5,21
136,22,92.0,94.0,-24.0,-21.0,93.0,-22.5,9
137,22,94.0,96.0,-24.0,-21.0,95.0,-22.5,10
138,22,96.0,98.0,-24.0,-21.0,97.0,-22.5,19
139,22,98.0,100.0,-24.0,-21.0,99.0,-22.5,18
140,22,100.0,102.0,-24.0,-21.0,101.0,-22.5,32
141,22,102.0,104.0,-24.0,-21.0,103.0,-22.5,14
142,22,104.0,106.0,-24.0,-21.0,105.0,-22.5,25
143,22,106.0,108.0,-24.0,-21.0,107.0,-22.5,27
144,22,108.0,110.0,-24.0,-21.0,109.0,-22.5,52
145,22,110.0,112.0,-24.0,-21.0,111.0,-22.5,35
146,22,112.0,114.0,-24.0,-21.0,113.0,-22.5,48
147,22,114.0,116.0,-24.0,-21.0,115.0,-22.5,81
148,22,116.0,118.0,-24.0,-21.0,117.0,-22.5,33
149,22,118.0,120.0,-24.0,-21.0,119.0,-22.5,34
150,22,120.0,122.0,-24.0,-21.0,121.0,-22.5,37
151,22,122.0,124.0,-24.0,-21.0,123.0,-22.5,18
152,22,124.0,126.0,-24.0,-21.0,125.0,-22.5,9
153,22,126.0,128.0,-24.0,-21.0,127.0,-22.5,8
154,22,128.0,130.0,-24.0,-21.0,129.0,-22.5,12
155,22,130.0,132.0,-24.0,-21.0,131.0,-22.5,3
156,22,132.0,134.0,-24.0,-21.0,133.0,-22.5,1
157,22,134.0,136.0,-24.0,-21.0,135.0,-22.5,3
158,22,136.0,138.0,-24.0,-21.0,137.0,-22.5,6
161,22,142.0,144.0,-24.0,-21.0,143.0,-22.5,11
162,22,144.0,146.0,-24.0,-21.0,145.0,-22.5,11
163,22,146.0,148.0,-24.0,-21.0,147.0,-22.5,28
164,22,148.0,150.0,-24.0,-21.0,149.0,-22.5,25
165,22,150.0,152.0,-24.0,-21.0,151.0,-22.5,66
166,22,152.0,154.0,-24.0,-21.0,153.0,-22.5,73
167,22,154.0,156.0,-24.0,-21.0,155.0,-22.5,78
168,22,156.0,158.0,-24.0,-21.0,157.0,-22.5,57
169,22,158.0,160.0,-24.0,-21.0,159.0,-22.5,64
170,22,160.0,162.0,-24.0,-21.0,161.0,-22.5,37
171,22,162.0,164.0,-24.0,-21.0,163.0,-22.5,50
172,22,164.0,166.0,-24.0,-21.0,165.0,-22.5,72
173,22,166.0,168.0,-24.0,-21.0,167.0,-22.5,47
174,22,168.0,170.0,-24.0,-21.0,169.0,-22.5,79
175,22,170.0,172.0,-24.0,-21.0,171.0,-22.5,32
176,22,172.0,174.0,-24.0,-21.0,173.0,-22.5,32
177,22,174.0,176.0,-24.0,-21.0,175.0,-22.5,34
178,22,176.0,178.0,-24.0,-21.0,177.0,-22.5,87
179,22,178.0,180.0,-24.0,-21.0,179.0,-22.5,49
105,23,30.0,32.0,-21.0,-18.0,31.0,-19.5,1
106,23,32.0,34.0,-21.0,-18.0,33.0,-19.5,7
107,23,34.0,36.0,-21.0,-18.0,35.0,-19.5,39
108,23,36.0,38.0,-21.0,-18.0,37.0,-19.5,108
109,23,38.0,40.0,-21.0,-18.0,39.0,-19.5,172
110,23,40.0,42.0,-21.0,-18.0,41.0,-19.5,104
111,23,42.0,44.0,-21.0,-18.0,43.0,-19.5,88
112,23,44.0,46.0,-21.0,-18.0,45.0,-19.5,17
113,23,46.0,48.0,-21.0,-18.0,47.0,-19.5,4
114,23,48.0,50.0,-21.0,-18.0,49.0,-19.5,70
115,23,50.0,52.0,-21.0,-18.0,51.0,-19.5,140
116,23,52.0,54.0,-21.0,-18.0,53.0,-19.5,104
117,23,54.0,56.0,-21.0,-18.0,55.0,-19.5,116
118,23,56.0,58.0,-21.0,-18.0,57.0,-19.5,134
119,23,58.0,60.0,-21.0,-18.0,59.0,-19.5,77
120,23,60.0,62.0,-21.0,-18.0,61.0,-19.5,93
121,23,62.0,64.0,-21.0,-18.0,63.0,-19.5,74
122,23,64.0,66.0,-21.0,-18.0,65.0,-19.5,66
123,23,66.0,68.0,-21.0,-18.0,67.0,-19.5,80
124,23,68.0,70.0,-21.0,-18.0,69.0,-19.5,77
125,23,70.0,72.0,-21.0,-18.0,71.0,-19.5,52
126,23,72.0,74.0,-21.0,-18.0,73.0,-19.5,59
127,23,74.0,76.0,-21.0,-18.0,75.0,-19.5,34
128,23,76.0,78.0,-21.0,-18.0,77.0,-19.5,36
129,23,78.0,80.0,-21.0,-18.0,79.0,-19.5,55
130,23,80.0,82.0,-21.0,-18.0,81.0,-19.5,26
131,23,82.0,84.0,-21.0,-18.0,83.0,-19.5,34
132,23,84.0,86.0,-21.0,-18.0,85.0,-19.5,35
133,23,86.0,88.0,-21.0,-18.0,87.0,-19.5,36
134,23,88.0,90.0,-21.0,-18.0,89.0,-19.5,30
135,23,90.0,92.0,-21.0,-18.0,91.0,-19.5,25
136,23,92.0,94.0,-21.0,-18.0,93.0,-19.5,36
137,23,94.0,96.0,-21.0,-18.0,95.0,-19.5,20
138,23,96.0,98.0,-21.0,-18.0,97.0,-19.5,33
139,23,98.0,100.0,-21.0,-18.0,99.0,-19.5,32
140,23,100.0,102.0,-21.0,-18.0,101.0,-19.5,49
141,23,102.0,104.0,-21.0,-18.0,103.0,-19.5,43
142,23,104.0,106.0,-21.0,-18.0,105.0,-19.5,63
143,23,106.0,108.0,-21.0,-18.0,107.0,-19.5,60
144,23,108.0,110.0,-21.0,-18.0,109.0,-19.5,64
145,23,110.0,112.0,-21.0,-18.0,111.0,-19.5,97
146,23,112.0,114.0,-21.0,-18.0,113.0,-19.5,70
147,23,114.0,116.0,-21.0,-18.0,115.0,-19.5,109
148,23,116.0,118.0,-21.0,-18.0,117.0,-19.5,95
149,23,118.0,120.0,-21.0,-18.0,119.0,-19.5,82
150,23,120.0,122.0,-21.0,-18.0,121.0,-19.5,65
151,23,122.0,124.0,-21.0,-18.0,123.0,-19.5,36
152,23,124.0,126.0,-21.0,-18.0,125.0,-19.5,12
153,23,126.0,128.0,-21.0,-18.0,127.0,-19.5,25
154,23,128.0,130.0,-21.0,-18.0,129.0,-19.5,14
155,23,130.0,132.0,-21.0,-18.0,131.0,-19.5,12
156,23,132.0,134.0,-21.0,-18.0,133.0,-19.5,17
157,23,134.0,136.0,-21.0,-18.0,135.0,-19.5,31
158,23,136.0,138.0,-21.0,-18.0,137.0,-19.5,18
159,23,138.0,140.0,-21.0,-18.0,139.0,-19.5,13
160,23,140.0,142.0,-21.0,-18.0,141.0,-19.5,34
161,23,142.0,144.0,-21.0,-18.0,143.0,-19.5,22
162,23,144.0,146.0,-21.0,-18.0,145.0,-19.5,11
163,23,146.0,148.0,-21.0,-18.0,147.0,-19.5,38
164,23,148.0,150.0,-21.0,-18.0,149.0,-19.5,38
165,23,150.0,152.0,-21.0,-18.0,151.0,-19.5,71
166,23,152.0,154.0,-21.0,-18.0,153.0,-19.5,75
167,23,154.0,156.0,-21.0,-18.0,155.0,-19.5,79
168,23,156.0,158.0,-21.0,-18.0,157.0,-19.5,75
169,23,158.0,160.0,-21.0,-18.0,159.0,-19.5,87
170,23,160.0,162.0,-21.0,-18.0,161.0,-19.5,80
171,23,162.0,164.0,-21.0,-18.0,163.0,-19.5,91
172,23,164.0,166.0,-21.0,-18.0,165.0,-19.5,77
173,23,166.0,168.0,-21.0,-18.0,167.0,-19.5,73
174,23,168.0,170.0,-21.0,-18.0,169.0,-19.5,96
175,23,170.0,172.0,-21.0,-18.0,171.0,-19.5,48
176,23,172.0,174.0,-21.0,-18.0,173.0,-19.5,80
177,23,174.0,176.0,-21.0,-18.0,175.0,-19.5,52
178,23,176.0,178.0,-21.0,-18.0,177.0,-19.5,82
179,23,178.0,180.0,-21.0,-18.0,179.0,-19.5,97
103,24,26.0,28.0,-18.0,-15.0,27.0,-16.5,2
104,24,28.0,30.0,-18.0,-15.0,29.0,-16.5,3
105,24,30.0,32.0,-18.0,-15.0,31.0,-16.5,2
106,24,32.0,34.0,-18.0,-15.0,33.0,-16.5,7
107,24,34.0,36.0,-18.0,-15.0,35.0,-16.5,10
108,24,36.0,38.0,-18.0,-15.0,37.0,-16.5,16
109,24,38.0,40.0,-18.0,-15.0,39.0,-16.5,61
110,24,40.0,42.0,-18.0,-15.0,41.0,-16.5,95
111,24,42.0,44.0,-18.0,-15.0,43.0,-16.5,118
112,24,44.0,46.0,-18.0,-15.0,45.0,-16.5,63
113,24,46.0,48.0,-18.0,-15.0,47.0,-16.5,46
114,24,48.0,50.0,-18.0,-15.0,49.0,-16.5,36
115,24,50.0,52.0,-18.0,-15.0,51.0,-16.5,163
116,24,52.0,54.0,-18.0,-15.0,53.0,-16.5,137
117,24,54.0,56.0,-18.0,-15.0,55.0,-16.5,165
118,24,56.0,58.0,-18.0,-15.0,57.0,-16.5,151
119,24,58.0,60.0,-18.0,-15.0,59.0,-16.5,107
120,24,60.0,62.0,-18.0,-15.0,61.0,-16.5,127
121,24,62.0,64.0,-18.0,-15.0,63.0,-16.5,114
122,24,64.0,66.0,-18.0,-15.0,65.0,-16.5,127
123,24,66.0,68.0,-18.0,-15.0,67.0,-16.5,106
124,24,68.0,70.0,-18.0,-15.0,69.0,-16.5,142
125,24,70.0,72.0,-18.0,-15.0,71.0,-16.5,99
126,24,72.0,74.0,-18.0,-15.0,73.0,-16.5,102
127,24,74.0,76.0,-18.0,-15.0,75.0,-16.5,88
128,24,76.0,78.0,-18.0,-15.0,77.0,-16.5,75
129,24,78.0,80.0,-18.0,-15.0,79.0,-16.5,61
130,24,80.0,82.0,-18.0,-15.0,81.0,-16.5,55
131,24,82.0,84.0,-18.0,-15.0,83.0,-16.5,49
132,24,84.0,86.0,-18.0,-15.0,85.0,-16.5,21
133,24,86.0,88.0,-18.0,-15.0,87.0,-16.5,44
134,24,88.0,90.0,-18.0,-15.0,89.0,-16.5,38
135,24,90.0,92.0,-18.0,-15.0,91.0,-16.5,71
136,24,92.0,94.0,-18.0,-15.0,93.0,-16.5,33
137,24,94.0,96.0,-18.0,-15.0,95.0,-16.5,37
138,24,96.0,98.0,-18.0,-15.0,97.0,-16.5,57
139,24,98.0,100.0,-18.0,-15.0,99.0,-16.5,39
140,24,100.0,102.0,-18.0,-15.0,101.0,-16.5,51
141,24,102.0,104.0,-18.0,-15.0,103.0,-16.5,49
142,24,104.0,106.0,-18.0,-15.0,105.0,-16.5,78
143,24,106.0,108.0,-18.0,-15.0,107.0,-16.5,52
144,24,108.0,110.0,-18.0,-15.0,109.0,-16.5,90
145,24,110.0,112.0,-18.0,-15.0,111.0,-16.5,131
146,24,112.0,114.0,-18.0,-15.0,113.0,-16.5,99
147,24,114.0,116.0,-18.0,-15.0,115.0,-16.5,117
148,24,116.0,118.0,-18.0,-15.0,117.0,-16.5,138
149,24,118.0,120.0,-18.0,-15.0,119.0,-16.5,164
150,24,120.0,122.0,-18.0,-15.0,121.0,-16.5,127
151,24,122.0,124.0,-18.0,-15.0,123.0,-16.5,119
152,24,124.0,126.0,-18.0,-15.0,125.0,-16.5,79
153,24,126.0,128.0,-18.0,-15.0,127.0,-16.5,52
154,24,128.0,130.0,-18.0,-15.0,129.0,-16.5,46
155,24,130.0,132.0,-18.0,-15.0,131.0,-16.5,38
156,24,132.0,134.0,-18.0,-15.0,133.0,-16.5,51
157,24,134.0,136.0,-18.0,-15.0,135.0,-16.5,53
158,24,136.0,138.0,-18.0,-15.0,137.0,-16.5,91
159,24,138.0,140.0,-18.0,-15.0,139.0,-16.5,105
160,24,140.0,142.0,-18.0,-15.0,141.0,-16.5,84
161,24,142.0,144.0,-18.0,-15.0,143.0,-16.5,55
162,24,144.0,146.0,-18.0,-15.0,145.0,-16.5,56
163,24,146.0,148.0,-18.0,-15.0,147.0,-16.5,120
164,24,148.0,150.0,-18.0,-15.0,149.0,-16.5,93
165,24,150.0,152.0,-18.0,-15.0,151.0,-16.5,122
166,24,152.0,154.0,-18.0,-15.0,153.0,-16.5,126
167,24,154.0,156.0,-18.0,-15.0,155.0,-16.5,144
168,24,156.0,158.0,-18.0,-15.0,157.0,-16.5,139
169,24,158.0,160.0,-18.0,-15.0,159.0,-16.5,128
170,24,160.0,162.0,-18.0,-15.0,161.0,-16.5,113
171,24,162.0,164.0,-18.0,-15.0,163.0,-16.5,109
172,24,164.0,166.0,-18.0,-15.0,165.0,-16.5,122
173,24,166.0,168.0,-18.0,-15.0,167.0,-16.5,112
174,24,168.0,170.0,-18.0,-15.0,169.0,-16.5,154
175,24,170.0,172.0,-18.0,-15.0,171.0,-16.5,105
176,24,172.0,174.0,-18.0,-15.0,173.0,-16.5,129
177,24,174.0,176.0,-18.0,-15.0,175.0,-16.5,99
178,24,176.0,178.0,-18.0,-15.0,177.0,-16.5,148
179,24,178.0,180.0,-18.0,-15.0,179.0,-16.5,94
108,25,36.0,38.0,-15.0,-12.0,37.0,-13.5,5
109,25,38.0,40.0,-15.0,-12.0,39.0,-13.5,18
110,25,40.0,42.0,-15.0,-12.0,41.0,-13.5,37
111,25,42.0,44.0,-15.0,-12.0,43.0,-13.5,84
112,25,44.0,46.0,-15.0,-12.0,45.0,-13.5,73
113,25,46.0,48.0,-15.0,-12.0,47.0,-13.5,89
114,25,48.0,50.0,-15.0,-12.0,49.0,-13.5,26
115,25,50.0,52.0,-15.0,-12.0,51.0,-13.5,183
116,25,52.0,54.0,-15.0,-12.0,53.0,-13.5,154
117,25,54.0,56.0,-15.0,-12.0,55.0,-13.5,244
118,25,56.0,58.0,-15.0,-12.0,57.0,-13.5,206
119,25,58.0,60.0,-15.0,-12.0,59.0,-13.5,124
120,25,60.0,62.0,-15.0,-12.0,61.0,-13.5,162
121,25,62.0,64.0,-15.0,-12.0,63.0,-13.5,105
122,25,64.0,66.0,-15.0,-12.0,65.0,-13.5,176
123,25,66.0,68.0,-15.0,-12.0,67.0,-13.5,135
124,25,68.0,70.0,-15.0,-12.0,69.0,-13.5,168
125,25,70.0,72.0,-15.0,-12.0,71.0,-13.5,148
126,25,72.0,74.0,-15.0,-12.0,73.0,-13.5,141
127,25,74.0,76.0,-15.0,-12.0,75.0,-13.5,120
128,25,76.0,78.0,-15.0,-12.0,77.0,-13.5,102
129,25,78.0,80.0,-15.0,-12.0,79.0,-13.5,124
130,25,80.0,82.0,-15.0,-12.0,81.0,-13.5,109
131,25,82.0,84.0,-15.0,-12.0,83.0,-13.5,142
132,25,84.0,86.0,-15.0,-12.0,85.0,-13.5,79
133,25,86.0,88.0,-15.0,-12.0,87.0,-13.5,92
134,25,88.0,90.0,-15.0,-12.0,89.0,-13.5,71
135,25,90.0,92.0,-15.0,-12.0,91.0,-13.5,95
136,25,92.0,94.0,-15.0,-12.0,93.0,-13.5,109
137,25,94.0,96.0,-15.0,-12.0,95.0,-13.5,50
138,25,96.0,98.0,-15.0,-12.0,97.0,-13.5,66
139,25,98.0,100.0,-15.0,-12.0,99.0,-13.5,37
140,25,100.0,102.0,-15.0,-12.0,101.0,-13.5,73
141,25,102.0,104.0,-15.0,-12.0,103.0,-13.5,51
142,25,104.0,106.0,-15.0,-12.0,105.0,-13.5,50
143,25,106.0,108.0,-15.0,-12.0,107.0,-13.5,41
144,25,108.0,110.0,-15.0,-12.0,109.0,-13.5,59
145,25,110.0,112.0,-15.0,-12.0,111.0,-13.5,86
146,25,112.0,114.0,-15.0,-12.0,113.0,-13.5,75
147,25,114.0,116.0,-15.0,-12.0,115.0,-13.5,136
148,25,116.0,118.0,-15.0,-12.0,117.0,-13.5,70
149,25,118.0,120.0,-15.0,-12.0,119.0,-13.5,113
150,25,120.0,122.0,-15.0,-12.0,121.0,-13.5,131
151,25,122.0,124.0,-15.0,-12.0,123.0,-13.5,210
152,25,124.0,126.0,-15.0,-12.0,125.0,-13.5,194
153,25,126.0,128.0,-15.0,-12.0,127.0,-13.5,182
154,25,128.0,130.0,-15.0,-12.0,129.0,-13.5,217
155,25,130.0,132.0,-15.0,-12.0,131.0,-13.5,64
156,25,132.0,134.0,-15.0,-12.0,133.0,-13.5,83
157,25,134.0,136.0,-15.0,-12.0,135.0,-13.5,110
158,25,136.0,138.0,-15.0,-12.0,137.0,-13.5,232
159,25,138.0,140.0,-15.0,-12.0,139.0,-13.5,183
160,25,140.0,142.0,-15.0,-12.0,141.0,-13.5,145
161,25,142.0,144.0,-15.0,-12.0,143.0,-13.5,54
162,25,144.0,146.0,-15.0,-12.0,145.0,-13.5,168
163,25,146.0,148.0,-15.0,-12.0,147.0,-13.5,150
164,25,148.0,150.0,-15.0,-12.0,149.0,-13.5,116
165,25,150.0,152.0,-15.0,-12.0,151.0,-13.5,148
166,25,152.0,154.0,-15.0,-12.0,153.0,-13.5,128
167,25,154.0,156.0,-15.0,-12.0,155.0,-13.5,220
168,25,156.0,158.0,-15.0,-12.0,157.0,-13.5,144
169,25,158.0,160.0,-15.0,-12.0,159.0,-13.5,238
170,25,160.0,162.0,-15.0,-12.0,161.0,-13.5,91
171,25,162.0,164.0,-15.0,-12.0,163.0,-13.5,158
172,25,164.0,166.0,-15.0,-12.0,165.0,-13.5,169
173,25,166.0,168.0,-15.0,-12.0,167.0,-13.5,117
174,25,168.0,170.0,-15.0,-12.0,169.0,-13.5,119
175,25,170.0,172.0,-15.0,-12.0,171.0,-13.5,96
176,25,172.0,174.0,-15.0,-12.0,173.0,-13.5,149
177,25,174.0,176.0,-15.0,-12.0,175.0,-13.5,88
178,25,176.0,178.0,-15.0,-12.0,177.0,-13.5,129
179,25,178.0,180.0,-15.0,-12.0,179.0,-13.5,80
108,26,36.0,38.0,-12.0,-9.0,37.0,-10.5,1
109,26,38.0,40.0,-12.0,-9.0,39.0,-10.5,8
110,26,40.0,42.0,-12.0,-9.0,41.0,-10.5,13
111,26,42.0,44.0,-12.0,-9.0,43.0,-10.5,50
112,26,44.0,46.0,-12.0,-9.0,45.0,-10.5,46
113,26,46.0,48.0,-12.0,-9.0,47.0,-10.5,54
114,26,48.0,50.0,-12.0,-9.0,49.0,-10.5,62
115,26,50.0,52.0,-12.0,-9.0,51.0,-10.5,161
116,26,52.0,54.0,-12.0,-9.0,53.0,-10.5,118
117,26,54.0,56.0,-12.0,-9.0,55.0,-10.5,126
118,26,56.0,58.0,-12.0,-9.0,57.0,-10.5,121
119,26,58.0,60.0,-12.0,-9.0,59.0,-10.5,86
120,26,60.0,62.0,-12.0,-9.0,61.0,-10.5,119
121,26,62.0,64.0,-12.0,-9.0,63.0,-10.5,100
122,26,64.0,66.0,-12.0,-9.0,65.0,-10.5,94
123,26,66.0,68.0,-12.0,-9.0,67.0,-10.5,65
124,26,68.0,70.0,-12.0,-9.0,69.0,-10.5,91
125,26,70.0,72.0,-12.0,-9.0,71.0,-10.5,91
126,26,72.0,74.0,-12.0,-9.0,73.0,-10.5,92
127,26,74.0,76.0,-12.0,-9.0,75.0,-10.5,105
128,26,76.0,78.0,-12.0,-9.0,77.0,-10.5,91
129,26,78.0,80.0,-12.0,-9.0,79.0,-10.5,88
130,26,80.0,82.0,-12.0,-9.0,81.0,-10.5,74
131,26,82.0,84.0,-12.0,-9.0,83.0,-10.5,100
132,26,84.0,86.0,-12.0,-9.0,85.0,-10.5,70
133,26,86.0,88.0,-12.0,-9.0,87.0,-10.5,85
134,26,88.0,90.0,-12.0,-9.0,89.0,-10.5,66
135,26,90.0,92.0,-12.0,-9.0,91.0,-10.5,87
136,26,92.0,94.0,-12.0,-9.0,93.0,-10.5,80
137,26,94.0,96.0,-12.0,-9.0,95.0,-10.5,37
138,26,96.0,98.0,-12.0,-9.0,97.0,-10.5,47
139,26,98.0,100.0,-12.0,-9.0,99.0,-10.5,33
140,26,100.0,102.0,-12.0,-9.0,101.0,-10.5,38
141,26,102.0,104.0,-12.0,-9.0,103.0,-10.5,20
142,26,104.0,106.0,-12.0,-9.0,105.0,-10.5,24
143,26,106.0,108.0,-12.0,-9.0,107.0,-10.5,18
144,26,108.0,110.0,-12.0,-9.0,109.0,-10.5,22
145,26,110.0,112.0,-12.0,-9.0,111.0,-10.5,22
146,26,112.0,114.0,-12.0,-9.0,113.0,-10.5,23
147,26,114.0,116.0,-12.0,-9.0,115.0,-10.5,20
148,26,116.0,118.0,-12.0,-9.0,117.0,-10.5,21
149,26,118.0,120.0,-12.0,-9.0,119.0,-10.5,28
150,26,120.0,122.0,-12.0,-9.0,121.0,-10.5,22
151,26,122.0,124.0,-12.0,-9.0,123.0,-10.5,53
152,26,124.0,126.0,-12.0,-9.0,125.0,-10.5,34
153,26,126.0,128.0,-12.0,-9.0,127.0,-10.5,72
154,26,128.0,130.0,-12.0,-9.0,129.0,-10.5,83
155,26,130.0,132.0,-12.0,-9.0,131.0,-10.5,93
156,26,132.0,134.0,-12.0,-9.0,133.0,-10.5,96
157,26,134.0,136.0,-12.0,-9.0,135.0,-10.5,96
158,26,136.0,138.0,-12.0,-9.0,137.0,-10.5,57
159,26,138.0,140.0,-12.0,-9.0,139.0,-10.5,40
160,26,140.0,142.0,-12.0,-9.0,141.0,-10.5,47
161,26,142.0,144.0,-12.0,-9.0,143.0,-10.5,54
162,26,144.0,146.0,-12.0,-9.0,145.0,-10.5,81
163,26,146.0,148.0,-12.0,-9.0,147.0,-10.5,31
164,26,148.0,150.0,-12.0,-9.0,149.0,-10.5,13
165,26,150.0,152.0,-12.0,-9.0,151.0,-10.5,22
166,26,152.0,154.0,-12.0,-9.0,153.0,-10.5,28
167,26,154.0,156.0,-12.0,-9.0,155.0,-10.5,70
168,26,156.0,158.0,-12.0,-9.0,157.0,-10.5,59
169,26,158.0,160.0,-12.0,-9.0,159.0,-10.5,96
170,26,160.0,162.0,-12.0,-9.0,161.0,-10.5,72
171,26,162.0,164.0,-12.0,-9.0,163.0,-10.5,65
172,26,164.0,166.0,-12.0,-9.0,165.0,-10.5,79
173,26,166.0,168.0,-12.0,-9.0,167.0,-10.5,32
174,26,168.0,170.0,-12.0,-9.0,169.0,-10.5,44
175,26,170.0,172.0,-12.0,-9.0,171.0,-10.5,29
176,26,172.0,174.0,-12.0,-9.0,173.0,-10.5,27
177,26,174.0,176.0,-12.0,-9.0,175.0,-10.5,36
178,26,176.0,178.0,-12.0,-9.0,177.0,-10.5,55
179,26,178.0,180.0,-12.0,-9.0,179.0,-10.5,29
108,27,36.0,38.0,-9.0,-6.0,37.0,-7.5,1
109,27,38.0,40.0,-9.0,-6.0,39.0,-7.5,3
110,27,40.0,42.0,-9.0,-6.0,41.0,-7.5,13
111,27,42.0,44.0,-9.0,-6.0,43.0,-7.5,21
112,27,44.0,46.0,-9.0,-6.0,45.0,-7.5,30
113,27,46.0,48.0,-9.0,-6.0,47.0,-7.5,50
114,27,48.0,50.0,-9.0,-6.0,49.0,-7.5,52
115,27,50.0,52.0,-9.0,-6.0,51.0,-7.5,95
116,27,52.0,54.0,-9.0,-6.0,53.0,-7.5,50
117,27,54.0,56.0,-9.0,-6.0,55.0,-7.5,81
118,27,56.0,58.0,-9.0,-6.0,57.0,-7.5,87
119,27,58.0,60.0,-9.0,-6.0,59.0,-7.5,57
120,27,60.0,62.0,-9.0,-6.0,61.0,-7.5,78
121,27,62.0,64.0,-9.0,-6.0,63.0,-7.5,71
122,27,64.0,66.0,-9.0,-6.0,65.0,-7.5,74
123,27,66.0,68.0,-9.0,-6.0,67.0,-7.5,49
124,27,68.0,70.0,-9.0,-6.0,69.0,-7.5,72
125,27,70.0,72.0,-9.0,-6.0,71.0,-7.5,45
126,27,72.0,74.0,-9.0,-6.0,73.0,-7.5,71
127,27,74.0,76.0,-9.0,-6.0,75.0,-7.5,68
128,27,76.0,78.0,-9.0,-6.0,77.0,-7.5,51
129,27,78.0,80.0,-9.0,-6.0,79.0,-7.5,97
130,27,80.0,82.0,-9.0,-6.0,81.0,-7.5,72
131,27,82.0,84.0,-9.0,-6.0,83.0,-7.5,82
132,27,84.0,86.0,-9.0,-6.0,85.0,-7.5,61
133,27,86.0,88.0,-9.0,-6.0,87.0,-7.5,73
134,27,88.0,90.0,-9.0,-6.0,89.0,-7.5,45
135,27,90.0,92.0,-9.0,-6.0,91.0,-7.5,59
136,27,92.0,94.0,-9.0,-6.0,93.0,-7.5,36
137,27,94.0,96.0,-9.0,-6.0,95.0,-7.5,14
138,27,96.0,98.0,-9.0,-6.0,97.0,-7.5,35
139,27,98.0,100.0,-9.0,-6.0,99.0,-7.5,16
140,27,100.0,102.0,-9.0,-6.0,101.0,-7.5,11
141,27,102.0,104.0,-9.0,-6.0,103.0,-7.5,5
142,27,104.0,106.0,-9.0,-6.0,105.0,-7.5,5
143,27,106.0,108.0,-9.0,-6.0,107.0,-7.5,3
144,27,108.0,110.0,-9.0,-6.0,109.0,-7.5,3
145,27,110.0,112.0,-9.0,-6.0,111.0,-7.5,2
146,27,112.0,114.0,-9.0,-6.0,113.0,-7.5,2
147,27,114.0,116.0,-9.0,-6.0,115.0,-7.5,2
148,27,116.0,118.0,-9.0,-6.0,117.0,-7.5,1
149,27,118.0,120.0,-9.0,-6.0,119.0,-7.5,3
150,27,120.0,122.0,-9.0,-6.0,121.0,-7.5,4
151,27,122.0,124.0,-9.0,-6.0,123.0,-7.5,10
152,27,124.0,126.0,-9.0,-6.0,125.0,-7.5,16
153,27,126.0,128.0,-9.0,-6.0,127.0,-7.5,16
154,27,128.0,130.0,-9.0,-6.0,129.0,-7.5,19
155,27,130.0,132.0,-9.0,-6.0,131.0,-7.5,17
156,27,132.0,134.0,-9.0,-6.0,133.0,-7.5,25
157,27,134.0,136.0,-9.0,-6.0,135.0,-7.5,34
158,27,136.0,138.0,-9.0,-6.0,137.0,-7.5,25
159,27,138.0,140.0,-9.0,-6.0,139.0,-7.5,4
160,27,140.0,142.0,-9.0,-6.0,141.0,-7.5,1
162,27,144.0,146.0,-9.0,-6.0,145.0,-7.5,1
164,27,148.0,150.0,-9.0,-6.0,149.0,-7.5,3
165,27,150.0,152.0,-9.0,-6.0,151.0,-7.5,12
166,27,152.0,154.0,-9.0,-6.0,153.0,-7.5,6
167,27,154.0,156.0,-9.0,-6.0,155.0,-7.5,14
168,27,156.0,158.0,-9.0,-6.0,157.0,-7.5,3
169,27,158.0,160.0,-9.0,-6.0,159.0,-7.5,17
170,27,160.0,162.0,-9.0,-6.0,161.0,-7.5,12
171,27,162.0,164.0,-9.0,-6.0,163.0,-7.5,34
172,27,164.0,166.0,-9.0,-6.0,165.0,-7.5,10
173,27,166.0,168.0,-9.0,-6.0,167.0,-7.5,16
174,27,168.0,170.0,-9.0,-6.0,169.0,-7.5,26
175,27,170.0,172.0,-9.0,-6.0,171.0,-7.5,24
176,27,172.0,174.0,-9.0,-6.0,173.0,-7.5,5
177,27,174.0,176.0,-9.0,-6.0,175.0,-7.5,3
178,27,176.0,178.0,-9.0,-6.0,177.0,-7.5,18
179,27,178.0,180.0,-9.0,-6.0,179.0,-7.5,9
109,28,38.0,40.0,-6.0,-3.0,39.0,-4.5,4
110,28,40.0,42.0,-6.0,-3.0,41.0,-4.5,4
111,28,42.0,44.0,-6.0,-3.0,43.0,-4.5,18
112,28,44.0,46.0,-6.0,-3.0,45.0,-4.5,5
113,28,46.0,48.0,-6.0,-3.0,47.0,-4.5,18
114,28,48.0,50.0,-6.0,-3.0,49.0,-4.5,25
115,28,50.0,52.0,-6.0,-3.0,51.0,-4.5,46
116,28,52.0,54.0,-6.0,-3.0,53.0,-4.5,25
117,28,54.0,56.0,-6.0,-3.0,55.0,-4.5,45
118,28,56.0,58.0,-6.0,-3.0,57.0,-4.5,36
119,28,58.0,60.0,-6.0,-3.0,59.0,-4.5,23
120,28,60.0,62.0,-6.0,-3.0,61.0,-4.5,33
121,28,62.0,64.0,-6.0,-3.0,63.0,-4.5,16
122,28,64.0,66.0,-6.0,-3.0,65.0,-4.5,26
123,28,66.0,68.0,-6.0,-3.0,67.0,-4.5,20
124,28,68.0,70.0,-6.0,-3.0,69.0,-4.5,19
125,28,70.0,72.0,-6.0,-3.0,71.0,-4.5,13
126,28,72.0,74.0,-6.0,-3.0,73.0,-4.5,8
127,28,74.0,76.0,-6.0,-3.0,75.0,-4.5,13
128,28,76.0,78.0,-6.0,-3.0,77.0,-4.5,11
129,28,78.0,80.0,-6.0,-3.0,79.0,-4.5,48
130,28,80.0,82.0,-6.0,-3.0,81.0,-4.5,22
131,28,82.0,84.0,-6.0,-3.0,83.0,-4.5,29
132,28,84.0,86.0,-6.0,-3.0,85.0,-4.5,25
133,28,86.0,88.0,-6.0,-3.0,87.0,-4.5,23
134,28,88.0,90.0,-6.0,-3.0,89.0,-4.5,12
135,28,90.0,92.0,-6.0,-3.0,91.0,-4.5,23
136,28,92.0,94.0,-6.0,-3.0,93.0,-4.5,23
137,28,94.0,96.0,-6.0,-3.0,95.0,-4.5,6
138,28,96.0,98.0,-6.0,-3.0,97.0,-4.5,12
139,28,98.0,100.0,-6.0,-3.0,99.0,-4.5,3
150,28,120.0,122.0,-6.0,-3.0,121.0,-4.5,2
151,28,122.0,124.0,-6.0,-3.0,123.0,-4.5,3
152,28,124.0,126.0,-6.0,-3.0,125.0,-4.5,8
153,28,126.0,128.0,-6.0,-3.0,127.0,-4.5,8
154,28,128.0,130.0,-6.0,-3.0,129.0,-4.5,4
155,28,130.0,132.0,-6.0,-3.0,131.0,-4.5,1
159,28,138.0,140.0,-6.0,-3.0,139.0,-4.5,1
165,28,150.0,152.0,-6.0,-3.0,151.0,-4.5,1
166,28,152.0,154.0,-6.0,-3.0,153.0,-4.5,6
167,28,154.0,156.0,-6.0,-3.0,155.0,-4.5,8
168,28,156.0,158.0,-6.0,-3.0,157.0,-4.5,3
169,28,158.0,160.0,-6.0,-3.0,159.0,-4.5,3
171,28,162.0,164.0,-6.0,-3.0,163.0,-4.5,9
172,28,164.0,166.0,-6.0,-3.0,165.0,-4.5,3
173,28,166.0,168.0,-6.0,-3.0,167.0,-4.5,2
174,28,168.0,170.0,-6.0,-3.0,169.0,-4.5,6
175,28,170.0,172.0,-6.0,-3.0,171.0,-4.5,3
176,28,172.0,174.0,-6.0,-3.0,173.0,-4.5,4
177,28,174.0,176.0,-6.0,-3.0,175.0,-4.5,1
178,28,176.0,178.0,-6.0,-3.0,177.0,-4.5,1
179,28,178.0,180.0,-6.0,-3.0,179.0,-4.5,4
112,29,44.0,46.0,-3.0,0.0,45.0,-1.5,2
113,29,46.0,48.0,-3.0,0.0,47.0,-1.5,2
114,29,48.0,50.0,-3.0,0.0,49.0,-1.5,8
115,29,50.0,52.0,-3.0,0.0,51.0,-1.5,10
116,29,52.0,54.0,-3.0,0.0,53.0,-1.5,4
118,29,56.0,58.0,-3.0,0.0,57.0,-1.5,4
120,29,60.0,62.0,-3.0,0.0,61.0,-1.5,1
121,29,62.0,64.0,-3.0,0.0,63.0,-1.5,6
122,29,64.0,66.0,-3.0,0.0,65.0,-1.5,11
123,29,66.0,68.0,-3.0,0.0,67.0,-1.5,5
124,29,68.0,70.0,-3.0,0.0,69.0,-1.5,4
125,29,70.0,72.0,-3.0,0.0,71.0,-1.5,1
129,29,78.0,80.0,-3.0,0.0,79.0,-1.5,1
130,29,80.0,82.0,-3.0,0.0,81.0,-1.5,1
131,29,82.0,84.0,-3.0,0.0,83.0,-1.5,1
132,29,84.0,86.0,-3.0,0.0,85.0,-1.5,4
133,29,86.0,88.0,-3.0,0.0,87.0,-1.5,4
134,29,88.0,90.0,-3.0,0.0,89.0,-1.5,4
144,29,108.0,110.0,-3.0,0.0,109.0,-1.5,2
166,29,152.0,154.0,-3.0,0.0,153.0,-1.5,4
167,29,154.0,156.0,-3.0,0.0,155.0,-1.5,5
168,29,156.0,158.0,-3.0,0.0,157.0,-1.5,2
169,29,158.0,160.0,-3.0,0.0,159.0,-1.5,1
173,29,166.0,168.0,-3.0,0.0,167.0,-1.5,1
174,29,168.0,170.0,-3.0,0.0,169.0,-1.5,1
114,30,48.0,50.0,0.0,3.0,49.0,1.5,4
115,30,50.0,52.0,0.0,3.0,51.0,1.5,2
127,30,74.0,76.0,0.0,3.0,75.0,1.5,8
128,30,76.0,78.0,0.0,3.0,77.0,1.5,3
141,30,102.0,104.0,0.0,3.0,103.0,1.5,5
142,30,104.0,106.0,0.0,3.0,105.0,1.5,18
143,30,106.0,108.0,0.0,3.0,107.0,1.5,12
144,30,108.0,110.0,0.0,3.0,109.0,1.5,8
145,30,110.0,112.0,0.0,3.0,111.0,1.5,3
153,30,126.0,128.0,0.0,3.0,127.0,1.5,2
156,30,132.0,134.0,0.0,3.0,133.0,1.5,1
159,30,138.0,140.0,0.0,3.0,139.0,1.5,4
160,30,140.0,142.0,0.0,3.0,141.0,1.5,3
161,30,142.0,144.0,0.0,3.0,143.0,1.5,1
162,30,144.0,146.0,0.0,3.0,145.0,1.5,4
163,30,146.0,148.0,0.0,3.0,147.0,1.5,2
164,30,148.0,150.0,0.0,3.0,149.0,1.5,7
165,30,150.0,152.0,0.0,3.0,151.0,1.5,4
166,30,152.0,154.0,0.0,3.0,153.0,1.5,2
167,30,154.0,156.0,0.0,3.0,155.0,1.5,3
168,30,156.0,158.0,0.0,3.0,157.0,1.5,2
169,30,158.0,160.0,0.0,3.0,159.0,1.5,5
170,30,160.0,162.0,0.0,3.0,161.0,1.5,4
171,30,162.0,164.0,0.0,3.0,163.0,1.5,7
172,30,164.0,166.0,0.0,3.0,165.0,1.5,6
173,30,166.0,168.0,0.0,3.0,167.0,1.5,8
174,30,168.0,170.0,0.0,3.0,169.0,1.5,13
175,30,170.0,172.0,0.0,3.0,171.0,1.5,7
176,30,172.0,174.0,0.0,3.0,173.0,1.5,2
177,30,174.0,176.0,0.0,3.0,175.0,1.5,9
178,30,176.0,178.0,0.0,3.0,177.0,1.5,10
179,30,178.0,180.0,0.0,3.0,179.0,1.5,5
113,31,46.0,48.0,3.0,6.0,47.0,4.5,5
114,31,48.0,50.0,3.0,6.0,49.0,4.5,5
115,31,50.0,52.0,3.0,6.0,51.0,4.5,9
116,31,52.0,54.0,3.0,6.0,53.0,4.5,7
117,31,54.0,56.0,3.0,6.0,55.0,4.5,6
118,31,56.0,58.0,3.0,6.0,57.0,4.5,5
119,31,58.0,60.0,3.0,6.0,59.0,4.5,4
120,31,60.0,62.0,3.0,6.0,61.0,4.5,8
121,31,62.0,64.0,3.0,6.0,63.0,4.5,7
122,31,64.0,66.0,3.0,6.0,65.0,4.5,3
123,31,66.0,68.0,3.0,6.0,67.0,4.5,3
124,31,68.0,70.0,3.0,6.0,69.0,4.5,7
125,31,70.0,72.0,3.0,6.0,71.0,4.5,8
126,31,72.0,74.0,3.0,6.0,73.0,4.5,20
127,31,74.0,76.0,3.0,6.0,75.0,4.5,13
128,31,76.0,78.0,3.0,6.0,77.0,4.5,4
129,31,78.0,80.0,3.0,6.0,79.0,4.5,7
130,31,80.0,82.0,3.0,6.0,81.0,4.5,2
131,31,82.0,84.0,3.0,6.0,83.0,4.5,6
132,31,84.0,86.0,3.0,6.0,85.0,4.5,11
133,31,86.0,88.0,3.0,6.0,87.0,4.5,16
134,31,88.0,90.0,3.0,6.0,89.0,4.5,17
135,31,90.0,92.0,3.0,6.0,91.0,4.5,17
136,31,92.0,94.0,3.0,6.0,93.0,4.5,6
137,31,94.0,96.0,3.0,6.0,95.0,4.5,6
138,31,96.0,98.0,3.0,6.0,97.0,4.5,7
139,31,98.0,100.0,3.0,6.0,99.0,4.5,13
140,31,100.0,102.0,3.0,6.0,101.0,4.5,10
141,31,102.0,104.0,3.0,6.0,103.0,4.5,14
142,31,104.0,106.0,3.0,6.0,105.0,4.5,52
143,31,106.0,108.0,3.0,6.0,107.0,4.5,97
144,31,108.0,110.0,3.0,6.0,109.0,4.5,118
145,31,110.0,112.0,3.0,6.0,111.0,4.5,74
146,31,112.0,114.0,3.0,6.0,113.0,4.5,14
147,31,114.0,116.0,3.0,6.0,115.0,4.5,5
149,31,118.0,120.0,3.0,6.0,119.0,4.5,8
150,31,120.0,122.0,3.0,6.0,121.0,4.5,8
151,31,122.0,124.0,3.0,6.0,123.0,4.5,16
152,31,124.0,126.0,3.0,6.0,125.0,4.5,12
153,31,126.0,128.0,3.0,6.0,127.0,4.5,19
154,31,128.0,130.0,3.0,6.0,129.0,4.5,52
155,31,130.0,132.0,3.0,6.0,131.0,4.5,34
156,31,132.0,134.0,3.0,6.0,133.0,4.5,47
157,31,134.0,136.0,3.0,6.0,135.0,4.5,42
158,31,136.0,138.0,3.0,6.0,137.0,4.5,41
159,31,138.0,140.0,3.0,6.0,139.0,4.5,28
160,31,140.0,142.0,3.0,6.0,141.0,4.5,26
161,31,142.0,144.0,3.0,6.0,143.0,4.5,12
162,31,144.0,146.0,3.0,6.0,145.0,4.5,28
163,31,146.0,148.0,3.0,6.0,147.0,4.5,23
164,31,148.0,150.0,3.0,6.0,149.0,4.5,26
165,31,150.0,152.0,3.0,6.0,151.0,4.5,44
166,31,152.0,154.0,3.0,6.0,153.0,4.5,31
167,31,154.0,156.0,3.0,6.0,155.0,4.5,33
168,31,156.0,158.0,3.0,6.0,157.0,4.5,27
169,31,158.0,160.0,3.0,6.0,159.0,4.5,25
170,31,160.0,162.0,3.0,6.0,161.0,4.5,22
171,31,162.0,164.0,3.0,6.0,163.0,4.5,17
172,31,164.0,166.0,3.0,6.0,165.0,4.5,43
173,31,166.0,168.0,3.0,6.0,167.0,4.5,13
174,31,168.0,170.0,3.0,6.0,169.0,4.5,17
175,31,170.0,172.0,3.0,6.0,171.0,4.5,12
176,31,172.0,174.0,3.0,6.0,173.0,4.5,17
177,31,174.0,176.0,3.0,6.0,175.0,4.5,7
178,31,176.0,178.0,3.0,6.0,177.0,4.5,2
179,31,178.0,180.0,3.0,6.0,179.0,4.5,5
115,32,50.0,52.0,6.0,9.0,51.0,7.5,2
117,32,54.0,56.0,6.0,9.0,55.0,7.5,3
118,32,56.0,58.0,6.0,9.0,57.0,7.5,3
119,32,58.0,60.0,6.0,9.0,59.0,7.5,10
120,32,60.0,62.0,6.0,9.0,61.0,7.5,8
121,32,62.0,64.0,6.0,9.0,63.0,7.5,6
122,32,64.0,66.0,6.0,9.0,65.0,7.5,12
123,32,66.0,68.0,6.0,9.0,67.0,7.5,22
124,32,68.0,70.0,6.0,9.0,69.0,7.5,13
125,32,70.0,72.0,6.0,9.0,71.0,7.5,12
126,32,72.0,74.0,6.0,9.0,73.0,7.5,15
127,32,74.0,76.0,6.0,9.0,75.0,7.5,6
128,32,76.0,78.0,6.0,9.0,77.0,7.5,9
129,32,78.0,80.0,6.0,9.0,79.0,7.5,29
130,32,80.0,82.0,6.0,9.0,81.0,7.5,9
131,32,82.0,84.0,6.0,9.0,83.0,7.5,13
132,32,84.0,86.0,6.0,9.0,85.0,7.5,12
133,32,86.0,88.0,6.0,9.0,87.0,7.5,25
134,32,88.0,90.0,6.0,9.0,89.0,7.5,18
135,32,90.0,92.0,6.0,9.0,91.0,7.5,29
136,32,92.0,94.0,6.0,9.0,93.0,7.5,25
137,32,94.0,96.0,6.0,9.0,95.0,7.5,16
138,32,96.0,98.0,6.0,9.0,97.0,7.5,38
139,32,98.0,100.0,6.0,9.0,99.0,7.5,22
140,32,100.0,102.0,6.0,9.0,101.0,7.5,37
141,32,102.0,104.0,6.0,9.0,103.0,7.5,52
142,32,104.0,106.0,6.0,9.0,105.0,7.5,91
143,32,106.0,108.0,6.0,9.0,107.0,7.5,85
144,32,108.0,110.0,6.0,9.0,109.0,7.5,101
145,32,110.0,112.0,6.0,9.0,111.0,7.5,202
146,32,112.0,114.0,6.0,9.0,113.0,7.5,81
147,32,114.0,116.0,6.0,9.0,115.0,7.5,78
148,32,116.0,118.0,6.0,9.0,117.0,7.5,28
149,32,118.0,120.0,6.0,9.0,119.0,7.5,32
150,32,120.0,122.0,6.0,9.0,121.0,7.5,49
151,32,122.0,124.0,6.0,9.0,123.0,7.5,66
152,32,124.0,126.0,6.0,9.0,125.0,7.5,23
153,32,126.0,128.0,6.0,9.0,127.0,7.5,100
154,32,128.0,130.0,6.0,9.0,129.0,7.5,123
155,32,130.0,132.0,6.0,9.0,131.0,7.5,60
156,32,132.0,134.0,6.0,9.0,133.0,7.5,85
157,32,134.0,136.0,6.0,9.0,135.0,7.5,72
158,32,136.0,138.0,6.0,9.0,137.0,7.5,92
159,32,138.0,140.0,6.0,9.0,139.0,7.5,67
160,32,140.0,142.0,6.0,9.0,141.0,7.5,88
161,32,142.0,144.0,6.0,9.0,143.0,7.5,71
162,32,144.0,146.0,6.0,9.0,145.0,7.5,66
163,32,146.0,148.0,6.0,9.0,147.0,7.5,75
164,32,148.0,150.0,6.0,9.0,149.0,7.5,58
165,32,150.0,152.0,6.0,9.0,151.0,7.5,79
166,32,152.0,154.0,6.0,9.0,153.0,7.5,34
167,32,154.0,156.0,6.0,9.0,155.0,7.5,34
168,32,156.0,158.0,6.0,9.0,157.0,7.5,32
169,32,158.0,160.0,6.0,9.0,159.0,7.5,52
170,32,160.0,162.0,6.0,9.0,161.0,7.5,30
171,32,162.0,164.0,6.0,9.0,163.0,7.5,39
172,32,164.0,166.0,6.0,9.0,165.0,7.5,28
173,32,166.0,168.0,6.0,9.0,167.0,7.5,17
174,32,168.0,170.0,6.0,9.0,169.0,7.5,18
175,32,170.0,172.0,6.0,9.0,171.0,7.5,13
176,32,172.0,174.0,6.0,9.0,173.0,7.5,21
177,32,174.0,176.0,6.0,9.0,175.0,7.5,23
178,32,176.0,178.0,6.0,9.0,177.0,7.5,16
179,32,178.0,180.0,6.0,9.0,179.0,7.5,16
111,33,42.0,44.0,9.0,12.0,43.0,10.5,1
112,33,44.0,46.0,9.0,12.0,45.0,10.5,3
113,33,46.0,48.0,9.0,12.0,47.0,10.5,4
114,33,48.0,50.0,9.0,12.0,49.0,10.5,4
115,33,50.0,52.0,9.0,12.0,51.0,10.5,7
116,33,52.0,54.0,9.0,12.0,53.0,10.5,5
117,33,54.0,56.0,9.0,12.0,55.0,10.5,22
118,33,56.0,58.0,9.0,12.0,57.0,10.5,20
119,33,58.0,60.0,9.0,12.0,59.0,10.5,16
120,33,60.0,62.0,9.0,12.0,61.0,10.5,25
121,33,62.0,64.0,9.0,12.0,63.0,10.5,22
122,33,64.0,66.0,9.0,12.0,65.0,10.5,43
123,33,66.0,68.0,9.0,12.0,67.0,10.5,19
124,33,68.0,70.0,9.0,12.0,69.0,10.5,26
125,33,70.0,72.0,9.0,12.0,71.0,10.5,17
126,33,72.0,74.0,9.0,12.0,73.0,10.5,33
127,33,74.0,76.0,9.0,12.0,75.0,10.5,18
128,33,76.0,78.0,9.0,12.0,77.0,10.5,6
129,33,78.0,80.0,9.0,12.0,79.0,10.5,23
130,33,80.0,82.0,9.0,12.0,81.0,10.5,45
131,33,82.0,84.0,9.0,12.0,83.0,10.5,66
132,33,84.0,86.0,9.0,12.0,85.0,10.5,38
133,33,86.0,88.0,9.0,12.0,87.0,10.5,61
134,33,88.0,90.0,9.0,12.0,89.0,10.5,24
135,33,90.0,92.0,9.0,12.0,91.0,10.5,38
136,33,92.0,94.0,9.0,12.0,93.0,10.5,28
137,33,94.0,96.0,9.0,12.0,95.0,10.5,25
138,33,96.0,98.0,9.0,12.0,97.0,10.5,45
139,33,98.0,100.0,9.0,12.0,99.0,10.5,20
140,33,100.0,102.0,9.0,12.0,101.0,10.5,56
141,33,102.0,104.0,9.0,12.0,103.0,10.5,30
142,33,104.0,106.0,9.0,12.0,105.0,10.5,59
143,33,106.0,108.0,9.0,12.0,107.0,10.5,58
144,33,108.0,110.0,9.0,12.0,109.0,10.5,83
145,33,110.0,112.0,9.0,12.0,111.0,10.5,258
146,33,112.0,114.0,9.0,12.0,113.0,10.5,173
147,33,114.0,116.0,9.0,12.0,115.0,10.5,255
148,33,116.0,118.0,9.0,12.0,117.0,10.5,143
149,33,118.0,120.0,9.0,12.0,119.0,10.5,162
150,33,120.0,122.0,9.0,12.0,121.0,10.5,94
151,33,122.0,124.0,9.0,12.0,123.0,10.5,165
152,33,124.0,126.0,9.0,12.0,125.0,10.5,98
153,33,126.0,128.0,9.0,12.0,127.0,10.5,201
154,33,128.0,130.0,9.0,12.0,129.0,10.5,204
155,33,130.0,132.0,9.0,12.0,131.0,10.5,129
156,33,132.0,134.0,9.0,12.0,133.0,10.5,185
157,33,134.0,136.0,9.0,12.0,135.0,10.5,128
158,33,136.0,138.0,9.0,12.0,137.0,10.5,148
159,33,138.0,140.0,9.0,12.0,139.0,10.5,127
160,33,140.0,142.0,9.0,12.0,141.0,10.5,164
161,33,142.0,144.0,9.0,12.0,143.0,10.5,99
162,33,144.0,146.0,9.0,12.0,145.0,10.5,98
163,33,146.0,148.0,9.0,12.0,147.0,10.5,98
164,33,148.0,150.0,9.0,12.0,149.0,10.5,95
165,33,150.0,152.0,9.0,12.0,151.0,10.5,102
166,33,152.0,154.0,9.0,12.0,153.0,10.5,66
167,33,154.0,156.0,9.0,12.0,155.0,10.5,90
168,33,156.0,158.0,9.0,12.0,157.0,10.5,78
169,33,158.0,160.0,9.0,12.0,159.0,10.5,100
170,33,160.0,162.0,9.0,12.0,161.0,10.5,55
171,33,162.0,164.0,9.0,12.0,163.0,10.5,70
172,33,164.0,166.0,9.0,12.0,165.0,10.5,61
173,33,166.0,168.0,9.0,12.0,167.0,10.5,47
174,33,168.0,170.0,9.0,12.0,169.0,10.5,53
175,33,170.0,172.0,9.0,12.0,171.0,10.5,32
176,33,172.0,174.0,9.0,12.0,173.0,10.5,30
177,33,174.0,176.0,9.0,12.0,175.0,10.5,27
178,33,176.0,178.0,9.0,12.0,177.0,10.5,29
179,33,178.0,180.0,9.0,12.0,179.0,10.5,30
112,34,44.0,46.0,12.0,15.0,45.0,13.5,27
113,34,46.0,48.0,12.0,15.0,47.0,13.5,6
114,34,48.0,50.0,12.0,15.0,49.0,13.5,13
115,34,50.0,52.0,12.0,15.0,51.0,13.5,36
116,34,52.0,54.0,12.0,15.0,53.0,13.5,37
117,34,54.0,56.0,12.0,15.0,55.0,13.5,32
118,34,56.0,58.0,12.0,15.0,57.0,13.5,50
119,34,58.0,60.0,12.0,15.0,59.0,13.5,23
120,34,60.0,62.0,12.0,15.0,61.0,13.5,63
121,34,62.0,64.0,12.0,15.0,63.0,13.5,42
122,34,64.0,66.0,12.0,15.0,65.0,13.5,30
123,34,66.0,68.0,12.0,15.0,67.0,13.5,31
124,34,68.0,70.0,12.0,15.0,69.0,13.5,47
125,34,70.0,72.0,12.0,15.0,71.0,13.5,42
126,34,72.0,74.0,12.0,15.0,73.0,13.5,29
127,34,74.0,76.0,12.0,15.0,75.0,13.5,11
128,34,76.0,78.0,12.0,15.0,77.0,13.5,18
129,34,78.0,80.0,12.0,15.0,79.0,13.5,28
130,34,80.0,82.0,12.0,15.0,81.0,13.5,61
131,34,82.0,84.0,12.0,15.0,83.0,13.5,76
132,34,84.0,86.0,12.0,15.0,85.0,13.5,58
133,34,86.0,88.0,12.0,15.0,87.0,13.5,78
134,34,88.0,90.0,12.0,15.0,89.0,13.5,24
135,34,90.0,92.0,12.0,15.0,91.0,13.5,30
136,34,92.0,94.0,12.0,15.0,93.0,13.5,52
137,34,94.0,96.0,12.0,15.0,95.0,13.5,51
138,34,96.0,98.0,12.0,15.0,97.0,13.5,33
139,34,98.0,100.0,12.0,15.0,99.0,13.5,17
140,34,100.0,102.0,12.0,15.0,101.0,13.5,35
141,34,102.0,104.0,12.0,15.0,103.0,13.5,11
142,34,104.0,106.0,12.0,15.0,105.0,13.5,76
143,34,106.0,108.0,12.0,15.0,107.0,13.5,49
144,34,108.0,110.0,12.0,15.0,109.0,13.5,176
145,34,110.0,112.0,12.0,15.0,111.0,13.5,415
146,34,112.0,114.0,12.0,15.0,113.0,13.5,365
147,34,114.0,116.0,12.0,15.0,115.0,13.5,390
148,34,116.0,118.0,12.0,15.0,117.0,13.5,236
149,34,118.0,120.0,12.0,15.0,119.0,13.5,247
150,34,120.0,122.0,12.0,15.0,121.0,13.5,123
151,34,122.0,124.0,12.0,15.0,123.0,13.5,224
152,34,124.0,126.0,12.0,15.0,125.0,13.5,242
153,34,126.0,128.0,12.0,15.0,127.0,13.5,367
154,34,128.0,130.0,12.0,15.0,129.0,13.5,328
155,34,130.0,132.0,12.0,15.0,131.0,13.5,238
156,34,132.0,134.0,12.0,15.0,133.0,13.5,255
157,34,134.0,136.0,12.0,15.0,135.0,13.5,185
158,34,136.0,138.0,12.0,15.0,137.0,13.5,234
159,34,138.0,140.0,12.0,15.0,139.0,13.5,143
160,34,140.0,142.0,12.0,15.0,141.0,13.5,170
161,34,142.0,144.0,12.0,15.0,143.0,13.5,148
162,34,144.0,146.0,12.0,15.0,145.0,13.5,179
163,34,146.0,148.0,12.0,15.0,147.0,13.5,170
164,34,148.0,150.0,12.0,15.0,149.0,13.5,147
165,34,150.0,152.0,12.0,15.0,151.0,13.5,161
166,34,152.0,154.0,12.0,15.0,153.0,13.5,107
167,34,154.0,156.0,12.0,15.0,155.0,13.5,160
168,34,156.0,158.0,12.0,15.0,157.0,13.5,114
169,34,158.0,160.0,12.0,15.0,159.0,13.5,116
170,34,160.0,162.0,12.0,15.0,161.0,13.5,81
171,34,162.0,164.0,12.0,15.0,163.0,13.5,116
172,34,164.0,166.0,12.0,15.0,165.0,13.5,113
173,34,166.0,168.0,12.0,15.0,167.0,13.5,71
174,34,168.0,170.0,12.0,15.0,169.0,13.5,77
175,34,170.0,172.0,12.0,15.0,171.0,13.5,52
176,34,172.0,174.0,12.0,15.0,173.0,13.5,58
177,34,174.0,176.0,12.0,15.0,175.0,13.5,46
178,34,176.0,178.0,12.0,15.0,177.0,13.5,58
179,34,178.0,180.0,12.0,15.0,179.0,13.5,49
113,35,46.0,48.0,15.0,18.0,47.0,16.5,4
114,35,48.0,50.0,15.0,18.0,49.0,16.5,2
115,35,50.0,52.0,15.0,18.0,51.0,16.5,7
116,35,52.0,54.0,15.0,18.0,53.0,16.5,14
117,35,54.0,56.0,15.0,18.0,55.0,16.5,28
118,35,56.0,58.0,15.0,18.0,57.0,16.5,49
119,35,58.0,60.0,15.0,18.0,59.0,16.5,32
120,35,60.0,62.0,15.0,18.0,61.0,16.5,41
121,35,62.0,64.0,15.0,18.0,63.0,16.5,19
122,35,64.0,66.0,15.0,18.0,65.0,16.5,37
123,35,66.0,68.0,15.0,18.0,67.0,16.5,19
124,35,68.0,70.0,15.0,18.0,69.0,16.5,49
125,35,70.0,72.0,15.0,18.0,71.0,16.5,27
126,35,72.0,74.0,15.0,18.0,73.0,16.5,34
127,35,74.0,76.0,15.0,18.0,75.0,16.5,5
128,35,76.0,78.0,15.0,18.0,77.0,16.5,8
129,35,78.0,80.0,15.0,18.0,79.0,16.5,27
130,35,80.0,82.0,15.0,18.0,81.0,16.5,48
131,35,82.0,84.0,15.0,18.0,83.0,16.5,111
132,35,84.0,86.0,15.0,18.0,85.0,16.5,96
133,35,86.0,88.0,15.0,18.0,87.0,16.5,81
134,35,88.0,90.0,15.0,18.0,89.0,16.5,43
135,35,90.0,92.0,15.0,18.0,91.0,16.5,50
136,35,92.0,94.0,15.0,18.0,93.0,16.5,73
137,35,94.0,96.0,15.0,18.0,95.0,16.5,23
138,35,96.0,98.0,15.0,18.0,97.0,16.5,8
140,35,100.0,102.0,15.0,18.0,101.0,16.5,2
141,35,102.0,104.0,15.0,18.0,103.0,16.5,30
142,35,104.0,106.0,15.0,18.0,105.0,16.5,102
143,35,106.0,108.0,15.0,18.0,107.0,16.5,79
144,35,108.0,110.0,15.0,18.0,109.0,16.5,287
145,35,110.0,112.0,15.0,18.0,111.0,16.5,373
146,35,112.0,114.0,15.0,18.0,113.0,16.5,309
147,35,114.0,116.0,15.0,18.0,115.0,16.5,396
148,35,116.0,118.0,15.0,18.0,117.0,16.5,236
149,35,118.0,120.0,15.0,18.0,119.0,16.5,281
150,35,120.0,122.0,15.0,18.0,121.0,16.5,58
151,35,122.0,124.0,15.0,18.0,123.0,16.5,265
152,35,124.0,126.0,15.0,18.0,125.0,16.5,273
153,35,126.0,128.0,15.0,18.0,127.0,16.5,387
154,35,128.0,130.0,15.0,18.0,129.0,16.5,319
155,35,130.0,132.0,15.0,18.0,131.0,16.5,210
156,35,132.0,134.0,15.0,18.0,133.0,16.5,309
157,35,134.0,136.0,15.0,18.0,135.0,16.5,232
158,35,136.0,138.0,15.0,18.0,137.0,16.5,240
159,35,138.0,140.0,15.0,18.0,139.0,16.5,162
160,35,140.0,142.0,15.0,18.0,141.0,16.5,209
161,35,142.0,144.0,15.0,18.0,143.0,16.5,155
162,35,144.0,146.0,15.0,18.0,145.0,16.5,230
163,35,146.0,148.0,15.0,18.0,147.0,16.5,206
164,35,148.0,150.0,15.0,18.0,149.0,16.5,113
165,35,150.0,152.0,15.0,18.0,151.0,16.5,165
166,35,152.0,154.0,15.0,18.0,153.0,16.5,109
167,35,154.0,156.0,15.0,18.0,155.0,16.5,128
168,35,156.0,158.0,15.0,18.0,157.0,16.5,85
169,35,158.0,160.0,15.0,18.0,159.0,16.5,112
170,35,160.0,162.0,15.0,18.0,161.0,16.5,86
171,35,162.0,164.0,15.0,18.0,163.0,16.5,127
172,35,164.0,166.0,15.0,18.0,165.0,16.5,77
173,35,166.0,168.0,15.0,18.0,167.0,16.5,61
174,35,168.0,170.0,15.0,18.0,169.0,16.5,50
175,35,170.0,172.0,15.0,18.0,171.0,16.5,37
176,35,172.0,174.0,15.0,18.0,173.0,16.5,51
177,35,174.0,176.0,15.0,18.0,175.0,16.5,43
178,35,176.0,178.0,15.0,18.0,177.0,16.5,63
179,35,178.0,180.0,15.0,18.0,179.0,16.5,40
110,36,40.0,42.0,18.0,21.0,41.0,19.5,8
111,36,42.0,44.0,18.0,21.0,43.0,19.5,2
112,36,44.0,46.0,18.0,21.0,45.0,19.5,2
113,36,46.0,48.0,18.0,21.0,47.0,19.5,2
114,36,48.0,50.0,18.0,21.0,49.0,19.5,4
115,36,50.0,52.0,18.0,21.0,51.0,19.5,14
116,36,52.0,54.0,18.0,21.0,53.0,19.5,31
117,36,54.0,56.0,18.0,21.0,55.0,19.5,35
118,36,56.0,58.0,18.0,21.0,57.0,19.5,55
119,36,58.0,60.0,18.0,21.0,59.0,19.5,54
120,36,60.0,62.0,18.0,21.0,61.0,19.5,74
121,36,62.0,64.0,18.0,21.0,63.0,19.5,48
122,36,64.0,66.0,18.0,21.0,65.0,19.5,53
123,36,66.0,68.0,18.0,21.0,67.0,19.5,32
124,36,68.0,70.0,18.0,21.0,69.0,19.5,32
125,36,70.0,72.0,18.0,21.0,71.0,19.5,30
126,36,72.0,74.0,18.0,21.0,73.0,19.5,52
127,36,74.0,76.0,18.0,21.0,75.0,19.5,11
128,36,76.0,78.0,18.0,21.0,77.0,19.5,6
129,36,78.0,80.0,18.0,21.0,79.0,19.5,43
130,36,80.0,82.0,18.0,21.0,81.0,19.5,19
131,36,82.0,84.0,18.0,21.0,83.0,19.5,34
132,36,84.0,86.0,18.0,21.0,85.0,19.5,55
133,36,86.0,88.0,18.0,21.0,87.0,19.5,146
134,36,88.0,90.0,18.0,21.0,89.0,19.5,89
135,36,90.0,92.0,18.0,21.0,91.0,19.5,119
136,36,92.0,94.0,18.0,21.0,93.0,19.5,37
137,36,94.0,96.0,18.0,21.0,95.0,19.5,5
140,36,100.0,102.0,18.0,21.0,101.0,19.5,1
141,36,102.0,104.0,18.0,21.0,103.0,19.5,10
142,36,104.0,106.0,18.0,21.0,105.0,19.5,31
143,36,106.0,108.0,18.0,21.0,107.0,19.5,152
144,36,108.0,110.0,18.0,21.0,109.0,19.5,223
145,36,110.0,112.0,18.0,21.0,111.0,19.5,310
146,36,112.0,114.0,18.0,21.0,113.0,19.5,217
147,36,114.0,116.0,18.0,21.0,115.0,19.5,232
148,36,116.0,118.0,18.0,21.0,117.0,19.5,139
149,36,118.0,120.0,18.0,21.0,119.0,19.5,215
150,36,120.0,122.0,18.0,21.0,121.0,19.5,150
151,36,122.0,124.0,18.0,21.0,123.0,19.5,290
152,36,124.0,126.0,18.0,21.0,125.0,19.5,296
153,36,126.0,128.0,18.0,21.0,127.0,19.5,388
154,36,128.0,130.0,18.0,21.0,129.0,19.5,385
155,36,130.0,132.0,18.0,21.0,131.0,19.5,306
156,36,132.0,134.0,18.0,21.0,133.0,19.5,392
157,36,134.0,136.0,18.0,21.0,135.0,19.5,256
158,36,136.0,138.0,18.0,21.0,137.0,19.5,323
159,36,138.0,140.0,18.0,21.0,139.0,19.5,233
160,36,140.0,142.0,18.0,21.0,141.0,19.5,253
161,36,142.0,144.0,18.0,21.0,143.0,19.5,190
162,36,144.0,146.0,18.0,21.0,145.0,19.5,223
163,36,146.0,148.0,18.0,21.0,147.0,19.5,186
164,36,148.0,150.0,18.0,21.0,149.0,19.5,138
165,36,150.0,152.0,18.0,21.0,151.0,19.5,160
166,36,152.0,154.0,18.0,21.0,153.0,19.5,104
167,36,154.0,156.0,18.0,21.0,155.0,19.5,135
168,36,156.0,158.0,18.0,21.0,157.0,19.5,81
169,36,158.0,160.0,18.0,21.0,159.0,19.5,76
170,36,160.0,162.0,18.0,21.0,161.0,19.5,67
171,36,162.0,164.0,18.0,21.0,163.0,19.5,64
172,36,164.0,166.0,18.0,21.0,165.0,19.5,78
173,36,166.0,168.0,18.0,21.0,167.0,19.5,51
174,36,168.0,170.0,18.0,21.0,169.0,19.5,49
175,36,170.0,172.0,18.0,21.0,171.0,19.5,32
176,36,172.0,174.0,18.0,21.0,173.0,19.5,41
177,36,174.0,176.0,18.0,21.0,175.0,19.5,23
178,36,176.0,178.0,18.0,21.0,177.0,19.5,32
179,36,178.0,180.0,18.0,21.0,179.0,19.5,28
112,37,44.0,46.0,21.0,24.0,45.0,22.5,5
113,37,46.0,48.0,21.0,24.0,47.0,22.5,5
114,37,48.0,50.0,21.0,24.0,49.0,22.5,6
115,37,50.0,52.0,21.0,24.0,51.0,22.5,10
116,37,52.0,54.0,21.0,24.0,53.0,22.5,7
117,37,54.0,56.0,21.0,24.0,55.0,22.5,15
118,37,56.0,58.0,21.0,24.0,57.0,22.5,21
119,37,58.0,60.0,21.0,24.0,59.0,22.5,30
120,37,60.0,62.0,21.0,24.0,61.0,22.5,61
121,37,62.0,64.0,21.0,24.0,63.0,22.5,53
122,37,64.0,66.0,21.0,24.0,65.0,22.5,59
123,37,66.0,68.0,21.0,24.0,67.0,22.5,92
124,37,68.0,70.0,21.0,24.0,69.0,22.5,82
125,37,70.0,72.0,21.0,24.0,71.0,22.5,24
126,37,72.0,74.0,21.0,24.0,73.0,22.5,21
127,37,74.0,76.0,21.0,24.0,75.0,22.5,16
128,37,76.0,78.0,21.0,24.0,77.0,22.5,22
129,37,78.0,80.0,21.0,24.0,79.0,22.5,24
130,37,80.0,82.0,21.0,24.0,81.0,22.5,28
131,37,82.0,84.0,21.0,24.0,83.0,22.5,40
132,37,84.0,86.0,21.0,24.0,85.0,22.5,38
133,37,86.0,88.0,21.0,24.0,87.0,22.5,115
134,37,88.0,90.0,21.0,24.0,89.0,22.5,97
135,37,90.0,92.0,21.0,24.0,91.0,22.5,43
136,37,92.0,94.0,21.0,24.0,93.0,22.5,5
137,37,94.0,96.0,21.0,24.0,95.0,22.5,3
141,37,102.0,104.0,21.0,24.0,103.0,22.5,3
142,37,104.0,106.0,21.0,24.0,105.0,22.5,15
143,37,106.0,108.0,21.0,24.0,107.0,22.5,36
144,37,108.0,110.0,21.0,24.0,109.0,22.5,77
145,37,110.0,112.0,21.0,24.0,111.0,22.5,77
146,37,112.0,114.0,21.0,24.0,113.0,22.5,69
147,37,114.0,116.0,21.0,24.0,115.0,22.5,89
148,37,116.0,118.0,21.0,24.0,117.0,22.5,106
149,37,118.0,120.0,21.0,24.0,119.0,22.5,272
150,37,120.0,122.0,21.0,24.0,121.0,22.5,108
151,37,122.0,124.0,21.0,24.0,123.0,22.5,314
152,37,124.0,126.0,21.0,24.0,125.0,22.5,225
153,37,126.0,128.0,21.0,24.0,127.0,22.5,349
154,37,128.0,130.0,21.0,24.0,129.0,22.5,350
155,37,130.0,132.0,21.0,24.0,131.0,22.5,316
156,37,132.0,134.0,21.0,24.0,133.0,22.5,392
157,37,134.0,136.0,21.0,24.0,135.0,22.5,248
158,37,136.0,138.0,21.0,24.0,137.0,22.5,284
159,37,138.0,140.0,21.0,24.0,139.0,22.5,220
160,37,140.0,142.0,21.0,24.0,141.0,22.5,232
161,37,142.0,144.0,21.0,24.0,143.0,22.5,189
162,37,144.0,146.0,21.0,24.0,145.0,22.5,205
163,37,146.0,148.0,21.0,24.0,147.0,22.5,209
164,37,148.0,150.0,21.0,24.0,149.0,22.5,127
165,37,150.0,152.0,21.0,24.0,151.0,22.5,175
166,37,152.0,154.0,21.0,24.0,153.0,22.5,118
167,37,154.0,156.0,21.0,24.0,155.0,22.5,102
168,37,156.0,158.0,21.0,24.0,157.0,22.5,78
169,37,158.0,160.0,21.0,24.0,159.0,22.5,100
170,37,160.0,162.0,21.0,24.0,161.0,22.5,81
171,37,162.0,164.0,21.0,24.0,163.0,22.5,88
172,37,164.0,166.0,21.0,24.0,165.0,22.5,50
173,37,166.0,168.0,21.0,24.0,167.0,22.5,32
174,37,168.0,170.0,21.0,24.0,169.0,22.5,39
175,37,170.0,172.0,21.0,24.0,171.0,22.5,22
176,37,172.0,174.0,21.0,24.0,173.0,22.5,26
177,37,174.0,176.0,21.0,24.0,175.0,22.5,17
178,37,176.0,178.0,21.0,24.0,177.0,22.5,25
179,37,178.0,180.0,21.0,24.0,179.0,22.5,12
115,38,50.0,52.0,24.0,27.0,51.0,25.5,3
116,38,52.0,54.0,24.0,27.0,53.0,25.5,4
117,38,54.0,56.0,24.0,27.0,55.0,25.5,4
118,38,56.0,58.0,24.0,27.0,57.0,25.5,7
119,38,58.0,60.0,24.0,27.0,59.0,25.5,15
120,38,60.0,62.0,24.0,27.0,61.0,25.5,9
121,38,62.0,64.0,24.0,27.0,63.0,25.5,8
122,38,64.0,66.0,24.0,27.0,65.0,25.5,14
123,38,66.0,68.0,24.0,27.0,67.0,25.5,9
124,38,68.0,70.0,24.0,27.0,69.0,25.5,7
125,38,70.0,72.0,24.0,27.0,71.0,25.5,1
127,38,74.0,76.0,24.0,27.0,75.0,25.5,15
128,38,76.0,78.0,24.0,27.0,77.0,25.5,5
129,38,78.0,80.0,24.0,27.0,79.0,25.5,1
131,38,82.0,84.0,24.0,27.0,83.0,25.5,12
132,38,84.0,86.0,24.0,27.0,85.0,25.5,10
133,38,86.0,88.0,24.0,27.0,87.0,25.5,2
134,38,88.0,90.0,24.0,27.0,89.0,25.5,25
135,38,90.0,92.0,24.0,27.0,91.0,25.5,4
144,38,108.0,110.0,24.0,27.0,109.0,25.5,4
145,38,110.0,112.0,24.0,27.0,111.0,25.5,3
146,38,112.0,114.0,24.0,27.0,113.0,25.5,3
147,38,114.0,116.0,24.0,27.0,115.0,25.5,7
148,38,116.0,118.0,24.0,27.0,117.0,25.5,9
149,38,118.0,120.0,24.0,27.0,119.0,25.5,61
150,38,120.0,122.0,24.0,27.0,121.0,25.5,83
151,38,122.0,124.0,24.0,27.0,123.0,25.5,133
152,38,124.0,126.0,24.0,27.0,125.0,25.5,146
153,38,126.0,128.0,24.0,27.0,127.0,25.5,216
154,38,128.0,130.0,24.0,27.0,129.0,25.5,171
155,38,130.0,132.0,24.0,27.0,131.0,25.5,156
156,38,132.0,134.0,24.0,27.0,133.0,25.5,186
157,38,134.0,136.0,24.0,27.0,135.0,25.5,106
158,38,136.0,138.0,24.0,27.0,137.0,25.5,130
159,38,138.0,140.0,24.0,27.0,139.0,25.5,102
160,38,140.0,142.0,24.0,27.0,141.0,25.5,164
161,38,142.0,144.0,24.0,27.0,143.0,25.5,135
162,38,144.0,146.0,24.0,27.0,145.0,25.5,144
163,38,146.0,148.0,24.0,27.0,147.0,25.5,123
164,38,148.0,150.0,24.0,27.0,149.0,25.5,77
165,38,150.0,152.0,24.0,27.0,151.0,25.5,84
166,38,152.0,154.0,24.0,27.0,153.0,25.5,54
167,38,154.0,156.0,24.0,27.0,155.0,25.5,52
168,38,156.0,158.0,24.0,27.0,157.0,25.5,46
169,38,158.0,160.0,24.0,27.0,159.0,25.5,50
170,38,160.0,162.0,24.0,27.0,161.0,25.5,45
171,38,162.0,164.0,24.0,27.0,163.0,25.5,48
172,38,164.0,166.0,24.0,27.0,165.0,25.5,44
173,38,166.0,168.0,24.0,27.0,167.0,25.5,13
174,38,168.0,170.0,24.0,27.0,169.0,25.5,10
175,38,170.0,172.0,24.0,27.0,171.0,25.5,18
176,38,172.0,174.0,24.0,27.0,173.0,25.5,25
177,38,174.0,176.0,24.0,27.0,175.0,25.5,8
178,38,176.0,178.0,24.0,27.0,177.0,25.5,9
179,38,178.0,180.0,24.0,27.0,179.0,25.5,10
115,39,50.0,52.0,27.0,30.0,51.0,28.5,5
119,39,58.0,60.0,27.0,30.0,59.0,28.5,4
120,39,60.0,62.0,27.0,30.0,61.0,28.5,1
124,39,68.0,70.0,27.0,30.0,69.0,28.5,4
125,39,70.0,72.0,27.0,30.0,71.0,28.5,3
146,39,112.0,114.0,27.0,30.0,113.0,28.5,3
147,39,114.0,116.0,27.0,30.0,115.0,28.5,3
148,39,116.0,118.0,27.0,30.0,117.0,28.5,8
149,39,118.0,120.0,27.0,30.0,119.0,28.5,13
150,39,120.0,122.0,27.0,30.0,121.0,28.5,27
151,39,122.0,124.0,27.0,30.0,123.0,28.5,67
152,39,124.0,126.0,27.0,30.0,125.0,28.5,99
153,39,126.0,128.0,27.0,30.0,127.0,28.5,75
154,39,128.0,130.0,27.0,30.0,129.0,28.5,87
155,39,130.0,132.0,27.0,30.0,131.0,28.5,86
156,39,132.0,134.0,27.0,30.0,133.0,28.5,90
157,39,134.0,136.0,27.0,30.0,135.0,28.5,70
158,39,136.0,138.0,27.0,30.0,137.0,28.5,114
159,39,138.0,140.0,27.0,30.0,139.0,28.5,77
160,39,140.0,142.0,27.0,30.0,141.0,28.5,115
161,39,142.0,144.0,27.0,30.0,143.0,28.5,82
162,39,144.0,146.0,27.0,30.0,145.0,28.5,113
163,39,146.0,148.0,27.0,30.0,147.0,28.5,85
164,39,148.0,150.0,27.0,30.0,149.0,28.5,66
165,39,150.0,152.0,27.0,30.0,151.0,28.5,65
166,39,152.0,154.0,27.0,30.0,153.0,28.5,30
167,39,154.0,156.0,27.0,30.0,155.0,28.5,48
168,39,156.0,158.0,27.0,30.0,157.0,28.5,55
169,39,158.0,160.0,27.0,30.0,159.0,28.5,64
170,39,160.0,162.0,27.0,30.0,161.0,28.5,38
171,39,162.0,164.0,27.0,30.0,163.0,28.5,46
172,39,164.0,166.0,27.0,30.0,165.0,28.5,34
173,39,166.0,168.0,27.0,30.0,167.0,28.5,16
174,39,168.0,170.0,27.0,30.0,169.0,28.5,17
175,39,170.0,172.0,27.0,30.0,171.0,28.5,18
176,39,172.0,174.0,27.0,30.0,173.0,28.5,11
177,39,174.0,176.0,27.0,30.0,175.0,28.5,9
178,39,176.0,178.0,27.0,30.0,177.0,28.5,11
179,39,178.0,180.0,27.0,30.0,179.0,28.5,4
146,40,112.0,114.0,30.0,33.0,113.0,31.5,2
147,40,114.0,116.0,30.0,33.0,115.0,31.5,2
148,40,116.0,118.0,30.0,33.0,117.0,31.5,5
149,40,118.0,120.0,30.0,33.0,119.0,31.5,17
150,40,120.0,122.0,30.0,33.0,121.0,31.5,24
151,40,122.0,124.0,30.0,33.0,123.0,31.5,53
152,40,124.0,126.0,30.0,33.0,125.0,31.5,24
153,40,126.0,128.0,30.0,33.0,127.0,31.5,46
154,40,128.0,130.0,30.0,33.0,129.0,31.5,49
155,40,130.0,132.0,30.0,33.0,131.0,31.5,54
156,40,132.0,134.0,30.0,33.0,133.0,31.5,57
157,40,134.0,136.0,30.0,33.0,135.0,31.5,73
158,40,136.0,138.0,30.0,33.0,137.0,31.5,87
159,40,138.0,140.0,30.0,33.0,139.0,31.5,72
160,40,140.0,142.0,30.0,33.0,141.0,31.5,76
161,40,142.0,144.0,30.0,33.0,143.0,31.5,74
162,40,144.0,146.0,30.0,33.0,145.0,31.5,79
163,40,146.0,148.0,30.0,33.0,147.0,31.5,79
164,40,148.0,150.0,30.0,33.0,149.0,31.5,53
165,40,150.0,152.0,30.0,33.0,151.0,31.5,66
166,40,152.0,154.0,30.0,33.0,153.0,31.5,36
167,40,154.0,156.0,30.0,33.0,155.0,31.5,34
168,40,156.0,158.0,30.0,33.0,157.0,31.5,32
169,40,158.0,160.0,30.0,33.0,159.0,31.5,26
170,40,160.0,162.0,30.0,33.0,161.0,31.5,26
171,40,162.0,164.0,30.0,33.0,163.0,31.5,27
172,40,164.0,166.0,30.0,33.0,165.0,31.5,37
173,40,166.0,168.0,30.0,33.0,167.0,31.5,13
174,40,168.0,170.0,30.0,33.0,169.0,31.5,36
175,40,170.0,172.0,30.0,33.0,171.0,31.5,6
176,40,172.0,174.0,30.0,33.0,173.0,31.5,7
177,40,174.0,176.0,30.0,33.0,175.0,31.5,3
178,40,176.0,178.0,30.0,33.0,177.0,31.5,7
179,40,178.0,180.0,30.0,33.0,179.0,31.5,5
148,41,116.0,118.0,33.0,36.0,117.0,34.5,8
149,41,118.0,120.0,33.0,36.0,119.0,34.5,14
150,41,120.0,122.0,33.0,36.0,121.0,34.5,10
151,41,122.0,124.0,33.0,36.0,123.0,34.5,19
152,41,124.0,126.0,33.0,36.0,125.0,34.5,15
153,41,126.0,128.0,33.0,36.0,127.0,34.5,25
154,41,128.0,130.0,33.0,36.0,129.0,34.5,27
155,41,130.0,132.0,33.0,36.0,131.0,34.5,33
156,41,132.0,134.0,33.0,36.0,133.0,34.5,18
157,41,134.0,136.0,33.0,36.0,135.0,34.5,17
158,41,136.0,138.0,33.0,36.0,137.0,34.5,19
159,41,138.0,140.0,33.0,36.0,139.0,34.5,23
160,41,140.0,142.0,33.0,36.0,141.0,34.5,41
161,41,142.0,144.0,33.0,36.0,143.0,34.5,31
162,41,144.0,146.0,33.0,36.0,145.0,34.5,43
163,41,146.0,148.0,33.0,36.0,147.0,34.5,36
164,41,148.0,150.0,33.0,36.0,149.0,34.5,25
165,41,150.0,152.0,33.0,36.0,151.0,34.5,33
166,41,152.0,154.0,33.0,36.0,153.0,34.5,24
167,41,154.0,156.0,33.0,36.0,155.0,34.5,23
168,41,156.0,158.0,33.0,36.0,157.0,34.5,24
169,41,158.0,160.0,33.0,36.0,159.0,34.5,20
170,41,160.0,162.0,33.0,36.0,161.0,34.5,22
171,41,162.0,164.0,33.0,36.0,163.0,34.5,18
172,41,164.0,166.0,33.0,36.0,165.0,34.5,15
173,41,166.0,168.0,33.0,36.0,167.0,34.5,12
174,41,168.0,170.0,33.0,36.0,169.0,34.5,27
175,41,170.0,172.0,33.0,36.0,171.0,34.5,9
176,41,172.0,174.0,33.0,36.0,173.0,34.5,4
177,41,174.0,176.0,33.0,36.0,175.0,34.5,3
178,41,176.0,178.0,33.0,36.0,177.0,34.5,3
179,41,178.0,180.0,33.0,36.0,179.0,34.5,2
149,42,118.0,120.0,36.0,39.0,119.0,37.5,2
150,42,120.0,122.0,36.0,39.0,121.0,37.5,4
151,42,122.0,124.0,36.0,39.0,123.0,37.5,10
152,42,124.0,126.0,36.0,39.0,125.0,37.5,6
153,42,126.0,128.0,36.0,39.0,127.0,37.5,11
154,42,128.0,130.0,36.0,39.0,129.0,37.5,23
155,42,130.0,132.0,36.0,39.0,131.0,37.5,22
156,42,132.0,134.0,36.0,39.0,133.0,37.5,25
157,42,134.0,136.0,36.0,39.0,135.0,37.5,12
158,42,136.0,138.0,36.0,39.0,137.0,37.5,9
159,42,138.0,140.0,36.0,39.0,139.0,37.5,4
160,42,140.0,142.0,36.0,39.0,141.0,37.5,26
161,42,142.0,144.0,36.0,39.0,143.0,37.5,12
162,42,144.0,146.0,36.0,39.0,145.0,37.5,20
163,42,146.0,148.0,36.0,39.0,147.0,37.5,27
164,42,148.0,150.0,36.0,39.0,149.0,37.5,15
165,42,150.0,152.0,36.0,39.0,151.0,37.5,17
166,42,152.0,154.0,36.0,39.0,153.0,37.5,9
167,42,154.0,156.0,36.0,39.0,155.0,37.5,10
168,42,156.0,158.0,36.0,39.0,157.0,37.5,11
169,42,158.0,160.0,36.0,39.0,159.0,37.5,16
170,42,160.0,162.0,36.0,39.0,161.0,37.5,17
171,42,162.0,164.0,36.0,39.0,163.0,37.5,15
172,42,164.0,166.0,36.0,39.0,165.0,37.5,8
173,42,166.0,168.0,36.0,39.0,167.0,37.5,6
174,42,168.0,170.0,36.0,39.0,169.0,37.5,11
175,42,170.0,172.0,36.0,39.0,171.0,37.5,5
176,42,172.0,174.0,36.0,39.0,173.0,37.5,5
177,42,174.0,176.0,36.0,39.0,175.0,37.5,7
178,42,176.0,178.0,36.0,39.0,177.0,37.5,1
148,43,116.0,118.0,39.0,42.0,117.0,40.5,1
149,43,118.0,120.0,39.0,42.0,119.0,40.5,2
150,43,120.0,122.0,39.0,42.0,121.0,40.5,1
151,43,122.0,124.0,39.0,42.0,123.0,40.5,2
152,43,124.0,126.0,39.0,42.0,125.0,40.5,2
153,43,126.0,128.0,39.0,42.0,127.0,40.5,3
154,43,128.0,130.0,39.0,42.0,129.0,40.5,11
155,43,130.0,132.0,39.0,42.0,131.0,40.5,6
156,43,132.0,134.0,39.0,42.0,133.0,40.5,18
157,43,134.0,136.0,39.0,42.0,135.0,40.5,8
158,43,136.0,138.0,39.0,42.0,137.0,40.5,6
159,43,138.0,140.0,39.0,42.0,139.0,40.5,6
160,43,140.0,142.0,39.0,42.0,141.0,40.5,4
161,43,142.0,144.0,39.0,42.0,143.0,40.5,17
162,43,144.0,146.0,39.0,42.0,145.0,40.5,6
163,43,146.0,148.0,39.0,42.0,147.0,40.5,19
164,43,148.0,150.0,39.0,42.0,149.0,40.5,15
165,43,150.0,152.0,39.0,42.0,151.0,40.5,11
166,43,152.0,154.0,39.0,42.0,153.0,40.5,7
167,43,154.0,156.0,39.0,42.0,155.0,40.5,8
168,43,156.0,158.0,39.0,42.0,157.0,40.5,9
169,43,158.0,160.0,39.0,42.0,159.0,40.5,10
170,43,160.0,162.0,39.0,42.0,161.0,40.5,8
171,43,162.0,164.0,39.0,42.0,163.0,40.5,17
172,43,164.0,166.0,39.0,42.0,165.0,40.5,13
173,43,166.0,168.0,39.0,42.0,167.0,40.5,4
174,43,168.0,170.0,39.0,42.0,169.0,40.5,7
175,43,170.0,172.0,39.0,42.0,171.0,40.5,3
176,43,172.0,174.0,39.0,42.0,173.0,40.5,11
177,43,174.0,176.0,39.0,42.0,175.0,40.5,2
178,43,176.0,178.0,39.0,42.0,177.0,40.5,3
179,43,178.0,180.0,39.0,42.0,179.0,40.5,1
144,44,108.0,110.0,42.0,45.0,109.0,43.5,1
145,44,110.0,112.0,42.0,45.0,111.0,43.5,1
146,44,112.0,114.0,42.0,45.0,113.0,43.5,1
147,44,114.0,116.0,42.0,45.0,115.0,43.5,1
152,44,124.0,126.0,42.0,45.0,125.0,43.5,1
153,44,126.0,128.0,42.0,45.0,127.0,43.5,1
154,44,128.0,130.0,42.0,45.0,129.0,43.5,1
155,44,130.0,132.0,42.0,45.0,131.0,43.5,3
157,44,134.0,136.0,42.0,45.0,135.0,43.5,2
158,44,136.0,138.0,42.0,45.0,137.0,43.5,3
159,44,138.0,140.0,42.0,45.0,139.0,43.5,3
160,44,140.0,142.0,42.0,45.0,141.0,43.5,1
162,44,144.0,146.0,42.0,45.0,145.0,43.5,5
163,44,146.0,148.0,42.0,45.0,147.0,43.5,5
164,44,148.0,150.0,42.0,45.0,149.0,43.5,9
165,44,150.0,152.0,42.0,45.0,151.0,43.5,5
166,44,152.0,154.0,42.0,45.0,153.0,43.5,2
167,44,154.0,156.0,42.0,45.0,155.0,43.5,1
168,44,156.0,158.0,42.0,45.0,157.0,43.5,2
169,44,158.0,160.0,42.0,45.0,159.0,43.5,4
171,44,162.0,164.0,42.0,45.0,163.0,43.5,2
172,44,164.0,166.0,42.0,45.0,165.0,43.5,6
173,44,166.0,168.0,42.0,45.0,167.0,43.5,4
175,44,170.0,172.0,42.0,45.0,171.0,43.5,1
176,44,172.0,174.0,42.0,45.0,173.0,43.5,8
177,44,174.0,176.0,42.0,45.0,175.0,43.5,2
178,44,176.0,178.0,42.0,45.0,177.0,43.5,2
179,44,178.0,180.0,42.0,45.0,179.0,43.5,1
155,45,130.0,132.0,45.0,48.0,131.0,46.5,2
162,45,144.0,146.0,45.0,48.0,145.0,46.5,2
163,45,146.0,148.0,45.0,48.0,147.0,46.5,3
165,45,150.0,152.0,45.0,48.0,151.0,46.5,1
167,45,154.0,156.0,45.0,48.0,155.0,46.5,1
171,45,162.0,164.0,45.0,48.0,163.0,46.5,1
172,45,164.0,166.0,45.0,48.0,165.0,46.5,1
174,45,168.0,170.0,45.0,48.0,169.0,46.5,2
174,46,168.0,170.0,48.0,51.0,169.0,49.5,1
176,46,172.0,174.0,48.0,51.0,173.0,49.5,1
