ix,iy,lon_west,lon_east,lat_south,lat_north,lon_center,lat_center,count
124,11,68.0,70.0,-57.0,-54.0,69.0,-55.5,1
125,11,70.0,72.0,-57.0,-54.0,71.0,-55.5,1
126,11,72.0,74.0,-57.0,-54.0,73.0,-55.5,1
128,11,76.0,78.0,-57.0,-54.0,77.0,-55.5,1
131,11,82.0,84.0,-57.0,-54.0,83.0,-55.5,1
133,11,86.0,88.0,-57.0,-54.0,87.0,-55.5,1
122,12,64.0,66.0,-54.0,-51.0,65.0,-52.5,1
123,12,66.0,68.0,-54.0,-51.0,67.0,-52.5,1
118,13,56.0,58.0,-51.0,-48.0,57.0,-49.5,1
120,13,60.0,62.0,-51.0,-48.0,61.0,-49.5,1
121,13,62.0,64.0,-51.0,-48.0,63.0,-49.5,1
111,14,42.0,44.0,-48.0,-45.0,43.0,-46.5,1
115,14,50.0,52.0,-48.0,-45.0,51.0,-46.5,1
117,14,54.0,56.0,-48.0,-45.0,55.0,-46.5,1
118,14,56.0,58.0,-48.0,-45.0,57.0,-46.5,1
120,14,60.0,62.0,-48.0,-45.0,61.0,-46.5,1
126,14,72.0,74.0,-48.0,-45.0,73.0,-46.5,1
174,14,168.0,170.0,-48.0,-45.0,169.0,-46.5,1
176,14,172.0,174.0,-48.0,-45.0,173.0,-46.5,1
110,15,40.0,42.0,-45.0,-42.0,41.0,-43.5,1
113,15,46.0,48.0,-45.0,-42.0,47.0,-43.5,1
114,15,48.0,50.0,-45.0,-42.0,49.0,-43.5,1
116,15,52.0,54.0,-45.0,-42.0,53.0,-43.5,1
117,15,54.0,56.0,-45.0,-42.0,55.0,-43.5,1
119,15,58.0,60.0,-45.0,-42.0,59.0,-43.5,1
120,15,60.0,62.0,-45.0,-42.0,61.0,-43.5,1
123,15,66.0,68.0,-45.0,-42.0,67.0,-43.5,1
126,15,72.0,74.0,-45.0,-42.0,73.0,-43.5,1
127,15,74.0,76.0,-45.0,-42.0,75.0,-43.5,1
172,15,164.0,166.0,-45.0,-42.0,165.0,-43.5,2
173,15,166.0,168.0,-45.0,-42.0,167.0,-43.5,1
176,15,172.0,174.0,-45.0,-42.0,173.0,-43.5,1
109,16,38.0,40.0,-42.0,-39.0,39.0,-40.5,1
111,16,42.0,44.0,-42.0,-39.0,43.0,-40.5,1
113,16,46.0,48.0,-42.0,-39.0,47.0,-40.5,2
114,16,48.0,50.0,-42.0,-39.0,49.0,-40.5,1
115,16,50.0,52.0,-42.0,-39.0,51.0,-40.5,2
116,16,52.0,54.0,-42.0,-39.0,53.0,-40.5,3
117,16,54.0,56.0,-42.0,-39.0,55.0,-40.5,2
118,16,56.0,58.0,-42.0,-39.0,57.0,-40.5,2
120,16,60.0,62.0,-42.0,-39.0,61.0,-40.5,4
121,16,62.0,64.0,-42.0,-39.0,63.0,-40.5,9
122,16,64.0,66.0,-42.0,-39.0,65.0,-40.5,3
124,16,68.0,70.0,-42.0,-39.0,69.0,-40.5,1
125,16,70.0,72.0,-42.0,-39.0,71.0,-40.5,1
126,16,72.0,74.0,-42.0,-39.0,73.0,-40.5,3
127,16,74.0,76.0,-42.0,-39.0,75.0,-40.5,1
128,16,76.0,78.0,-42.0,-39.0,77.0,-40.5,1
133,16,86.0,88.0,-42.0,-39.0,87.0,-40.5,1
165,16,150.0,152.0,-42.0,-39.0,151.0,-40.5,1
171,16,162.0,164.0,-42.0,-39.0,163.0,-40.5,1
172,16,164.0,166.0,-42.0,-39.0,165.0,-40.5,3
174,16,168.0,170.0,-42.0,-39.0,169.0,-40.5,1
175,16,170.0,172.0,-42.0,-39.0,171.0,-40.5,2
177,16,174.0,176.0,-42.0,-39.0,175.0,-40.5,1
108,17,36.0,38.0,-39.0,-36.0,37.0,-37.5,1
109,17,38.0,40.0,-39.0,-36.0,39.0,-37.5,2
111,17,42.0,44.0,-39.0,-36.0,43.0,-37.5,1
112,17,44.0,46.0,-39.0,-36.0,45.0,-37.5,2
113,17,46.0,48.0,-39.0,-36.0,47.0,-37.5,8
114,17,48.0,50.0,-39.0,-36.0,49.0,-37.5,1
115,17,50.0,52.0,-39.0,-36.0,51.0,-37.5,3
116,17,52.0,54.0,-39.0,-36.0,53.0,-37.5,3
117,17,54.0,56.0,-39.0,-36.0,55.0,-37.5,6
118,17,56.0,58.0,-39.0,-36.0,57.0,-37.5,6
119,17,58.0,60.0,-39.0,-36.0,59.0,-37.5,10
120,17,60.0,62.0,-39.0,-36.0,61.0,-37.5,8
121,17,62.0,64.0,-39.0,-36.0,63.0,-37.5,5
122,17,64.0,66.0,-39.0,-36.0,65.0,-37.5,3
123,17,66.0,68.0,-39.0,-36.0,67.0,-37.5,4
124,17,68.0,70.0,-39.0,-36.0,69.0,-37.5,3
125,17,70.0,72.0,-39.0,-36.0,71.0,-37.5,2
126,17,72.0,74.0,-39.0,-36.0,73.0,-37.5,5
127,17,74.0,76.0,-39.0,-36.0,75.0,-37.5,1
128,17,76.0,78.0,-39.0,-36.0,77.0,-37.5,1
130,17,80.0,82.0,-39.0,-36.0,81.0,-37.5,1
131,17,82.0,84.0,-39.0,-36.0,83.0,-37.5,3
139,17,98.0,100.0,-39.0,-36.0,99.0,-37.5,1
140,17,100.0,102.0,-39.0,-36.0,101.0,-37.5,3
143,17,106.0,108.0,-39.0,-36.0,107.0,-37.5,1
144,17,108.0,110.0,-39.0,-36.0,109.0,-37.5,1
165,17,150.0,152.0,-39.0,-36.0,151.0,-37.5,1
171,17,162.0,164.0,-39.0,-36.0,163.0,-37.5,2
172,17,164.0,166.0,-39.0,-36.0,165.0,-37.5,4
173,17,166.0,168.0,-39.0,-36.0,167.0,-37.5,1
174,17,168.0,170.0,-39.0,-36.0,169.0,-37.5,2
175,17,170.0,172.0,-39.0,-36.0,171.0,-37.5,3
178,17,176.0,178.0,-39.0,-36.0,177.0,-37.5,2
106,18,32.0,34.0,-36.0,-33.0,33.0,-34.5,4
107,18,34.0,36.0,-36.0,-33.0,35.0,-34.5,1
108,18,36.0,38.0,-36.0,-33.0,37.0,-34.5,3
109,18,38.0,40.0,-36.0,-33.0,39.0,-34.5,4
110,18,40.0,42.0,-36.0,-33.0,41.0,-34.5,6
111,18,42.0,44.0,-36.0,-33.0,43.0,-34.5,8
112,18,44.0,46.0,-36.0,-33.0,45.0,-34.5,3
113,18,46.0,48.0,-36.0,-33.0,47.0,-34.5,4
114,18,48.0,50.0,-36.0,-33.0,49.0,-34.5,8
115,18,50.0,52.0,-36.0,-33.0,51.0,-34.5,12
116,18,52.0,54.0,-36.0,-33.0,53.0,-34.5,14
117,18,54.0,56.0,-36.0,-33.0,55.0,-34.5,17
118,18,56.0,58.0,-36.0,-33.0,57.0,-34.5,12
119,18,58.0,60.0,-36.0,-33.0,59.0,-34.5,10
120,18,60.0,62.0,-36.0,-33.0,61.0,-34.5,6
121,18,62.0,64.0,-36.0,-33.0,63.0,-34.5,1
122,18,64.0,66.0,-36.0,-33.0,65.0,-34.5,7
123,18,66.0,68.0,-36.0,-33.0,67.0,-34.5,6
124,18,68.0,70.0,-36.0,-33.0,69.0,-34.5,9
125,18,70.0,72.0,-36.0,-33.0,71.0,-34.5,5
126,18,72.0,74.0,-36.0,-33.0,73.0,-34.5,5
127,18,74.0,76.0,-36.0,-33.0,75.0,-34.5,3
128,18,76.0,78.0,-36.0,-33.0,77.0,-34.5,3
129,18,78.0,80.0,-36.0,-33.0,79.0,-34.5,6
130,18,80.0,82.0,-36.0,-33.0,81.0,-34.5,5
133,18,86.0,88.0,-36.0,-33.0,87.0,-34.5,2
135,18,90.0,92.0,-36.0,-33.0,91.0,-34.5,1
136,18,92.0,94.0,-36.0,-33.0,93.0,-34.5,1
138,18,96.0,98.0,-36.0,-33.0,97.0,-34.5,2
139,18,98.0,100.0,-36.0,-33.0,99.0,-34.5,2
140,18,100.0,102.0,-36.0,-33.0,101.0,-34.5,2
142,18,104.0,106.0,-36.0,-33.0,105.0,-34.5,2
147,18,114.0,116.0,-36.0,-33.0,115.0,-34.5,1
149,18,118.0,120.0,-36.0,-33.0,119.0,-34.5,1
165,18,150.0,152.0,-36.0,-33.0,151.0,-34.5,1
167,18,154.0,156.0,-36.0,-33.0,155.0,-34.5,1
169,18,158.0,160.0,-36.0,-33.0,159.0,-34.5,3
170,18,160.0,162.0,-36.0,-33.0,161.0,-34.5,5
171,18,162.0,164.0,-36.0,-33.0,163.0,-34.5,7
172,18,164.0,166.0,-36.0,-33.0,165.0,-34.5,1
173,18,166.0,168.0,-36.0,-33.0,167.0,-34.5,1
174,18,168.0,170.0,-36.0,-33.0,169.0,-34.5,8
175,18,170.0,172.0,-36.0,-33.0,171.0,-34.5,3
179,18,178.0,180.0,-36.0,-33.0,179.0,-34.5,3
107,19,34.0,36.0,-33.0,-30.0,35.0,-31.5,8
108,19,36.0,38.0,-33.0,-30.0,37.0,-31.5,14
109,19,38.0,40.0,-33.0,-30.0,39.0,-31.5,14
110,19,40.0,42.0,-33.0,-30.0,41.0,-31.5,10
111,19,42.0,44.0,-33.0,-30.0,43.0,-31.5,25
112,19,44.0,46.0,-33.0,-30.0,45.0,-31.5,11
113,19,46.0,48.0,-33.0,-30.0,47.0,-31.5,11
114,19,48.0,50.0,-33.0,-30.0,49.0,-31.5,14
115,19,50.0,52.0,-33.0,-30.0,51.0,-31.5,13
116,19,52.0,54.0,-33.0,-30.0,53.0,-31.5,23
117,19,54.0,56.0,-33.0,-30.0,55.0,-31.5,22
118,19,56.0,58.0,-33.0,-30.0,57.0,-31.5,37
119,19,58.0,60.0,-33.0,-30.0,59.0,-31.5,20
120,19,60.0,62.0,-33.0,-30.0,61.0,-31.5,24
121,19,62.0,64.0,-33.0,-30.0,63.0,-31.5,17
122,19,64.0,66.0,-33.0,-30.0,65.0,-31.5,18
123,19,66.0,68.0,-33.0,-30.0,67.0,-31.5,17
124,19,68.0,70.0,-33.0,-30.0,69.0,-31.5,11
125,19,70.0,72.0,-33.0,-30.0,71.0,-31.5,10
126,19,72.0,74.0,-33.0,-30.0,73.0,-31.5,6
127,19,74.0,76.0,-33.0,-30.0,75.0,-31.5,3
128,19,76.0,78.0,-33.0,-30.0,77.0,-31.5,7
129,19,78.0,80.0,-33.0,-30.0,79.0,-31.5,3
130,19,80.0,82.0,-33.0,-30.0,81.0,-31.5,1
131,19,82.0,84.0,-33.0,-30.0,83.0,-31.5,2
132,19,84.0,86.0,-33.0,-30.0,85.0,-31.5,3
136,19,92.0,94.0,-33.0,-30.0,93.0,-31.5,1
140,19,100.0,102.0,-33.0,-30.0,101.0,-31.5,1
141,19,102.0,104.0,-33.0,-30.0,103.0,-31.5,1
142,19,104.0,106.0,-33.0,-30.0,105.0,-31.5,3
143,19,106.0,108.0,-33.0,-30.0,107.0,-31.5,1
144,19,108.0,110.0,-33.0,-30.0,109.0,-31.5,1
145,19,110.0,112.0,-33.0,-30.0,111.0,-31.5,1
146,19,112.0,114.0,-33.0,-30.0,113.0,-31.5,3
147,19,114.0,116.0,-33.0,-30.0,115.0,-31.5,3
148,19,116.0,118.0,-33.0,-30.0,117.0,-31.5,2
154,19,128.0,130.0,-33.0,-30.0,129.0,-31.5,1
163,19,146.0,148.0,-33.0,-30.0,147.0,-31.5,2
164,19,148.0,150.0,-33.0,-30.0,149.0,-31.5,6
165,19,150.0,152.0,-33.0,-30.0,151.0,-31.5,4
166,19,152.0,154.0,-33.0,-30.0,153.0,-31.5,4
167,19,154.0,156.0,-33.0,-30.0,155.0,-31.5,6
168,19,156.0,158.0,-33.0,-30.0,157.0,-31.5,8
169,19,158.0,160.0,-33.0,-30.0,159.0,-31.5,4
170,19,160.0,162.0,-33.0,-30.0,161.0,-31.5,8
171,19,162.0,164.0,-33.0,-30.0,163.0,-31.5,8
172,19,164.0,166.0,-33.0,-30.0,165.0,-31.5,5
173,19,166.0,168.0,-33.0,-30.0,167.0,-31.5,6
174,19,168.0,170.0,-33.0,-30.0,169.0,-31.5,7
175,19,170.0,172.0,-33.0,-30.0,171.0,-31.5,2
176,19,172.0,174.0,-33.0,-30.0,173.0,-31.5,8
177,19,174.0,176.0,-33.0,-30.0,175.0,-31.5,3
178,19,176.0,178.0,-33.0,-30.0,177.0,-31.5,1
179,19,178.0,180.0,-33.0,-30.0,179.0,-31.5,4
106,20,32.0,34.0,-30.0,-27.0,33.0,-28.5,4
107,20,34.0,36.0,-30.0,-27.0,35.0,-28.5,11
108,20,36.0,38.0,-30.0,-27.0,37.0,-28.5,10
109,20,38.0,40.0,-30.0,-27.0,39.0,-28.5,12
110,20,40.0,42.0,-30.0,-27.0,41.0,-28.5,13
111,20,42.0,44.0,-30.0,-27.0,43.0,-28.5,21
112,20,44.0,46.0,-30.0,-27.0,45.0,-28.5,18
113,20,46.0,48.0,-30.0,-27.0,47.0,-28.5,16
114,20,48.0,50.0,-30.0,-27.0,49.0,-28.5,7
115,20,50.0,52.0,-30.0,-27.0,51.0,-28.5,31
116,20,52.0,54.0,-30.0,-27.0,53.0,-28.5,19
117,20,54.0,56.0,-30.0,-27.0,55.0,-28.5,36
118,20,56.0,58.0,-30.0,-27.0,57.0,-28.5,32
119,20,58.0,60.0,-30.0,-27.0,59.0,-28.5,36
120,20,60.0,62.0,-30.0,-27.0,61.0,-28.5,33
121,20,62.0,64.0,-30.0,-27.0,63.0,-28.5,19
122,20,64.0,66.0,-30.0,-27.0,65.0,-28.5,21
123,20,66.0,68.0,-30.0,-27.0,67.0,-28.5,12
124,20,68.0,70.0,-30.0,-27.0,69.0,-28.5,13
125,20,70.0,72.0,-30.0,-27.0,71.0,-28.5,6
126,20,72.0,74.0,-30.0,-27.0,73.0,-28.5,10
127,20,74.0,76.0,-30.0,-27.0,75.0,-28.5,3
128,20,76.0,78.0,-30.0,-27.0,77.0,-28.5,6
129,20,78.0,80.0,-30.0,-27.0,79.0,-28.5,8
130,20,80.0,82.0,-30.0,-27.0,81.0,-28.5,5
131,20,82.0,84.0,-30.0,-27.0,83.0,-28.5,2
132,20,84.0,86.0,-30.0,-27.0,85.0,-28.5,3
136,20,92.0,94.0,-30.0,-27.0,93.0,-28.5,2
138,20,96.0,98.0,-30.0,-27.0,97.0,-28.5,1
139,20,98.0,100.0,-30.0,-27.0,99.0,-28.5,2
140,20,100.0,102.0,-30.0,-27.0,101.0,-28.5,2
141,20,102.0,104.0,-30.0,-27.0,103.0,-28.5,1
142,20,104.0,106.0,-30.0,-27.0,105.0,-28.5,2
143,20,106.0,108.0,-30.0,-27.0,107.0,-28.5,5
144,20,108.0,110.0,-30.0,-27.0,109.0,-28.5,5
145,20,110.0,112.0,-30.0,-27.0,111.0,-28.5,9
146,20,112.0,114.0,-30.0,-27.0,113.0,-28.5,2
147,20,114.0,116.0,-30.0,-27.0,115.0,-28.5,10
148,20,116.0,118.0,-30.0,-27.0,117.0,-28.5,6
149,20,118.0,120.0,-30.0,-27.0,119.0,-28.5,5
150,20,120.0,122.0,-30.0,-27.0,121.0,-28.5,4
151,20,122.0,124.0,-30.0,-27.0,123.0,-28.5,4
152,20,124.0,126.0,-30.0,-27.0,125.0,-28.5,2
153,20,126.0,128.0,-30.0,-27.0,127.0,-28.5,2
155,20,130.0,132.0,-30.0,-27.0,131.0,-28.5,1
156,20,132.0,134.0,-30.0,-27.0,133.0,-28.5,1
157,20,134.0,136.0,-30.0,-27.0,135.0,-28.5,1
162,20,144.0,146.0,-30.0,-27.0,145.0,-28.5,2
163,20,146.0,148.0,-30.0,-27.0,147.0,-28.5,4
164,20,148.0,150.0,-30.0,-27.0,149.0,-28.5,2
165,20,150.0,152.0,-30.0,-27.0,151.0,-28.5,6
166,20,152.0,154.0,-30.0,-27.0,153.0,-28.5,9
167,20,154.0,156.0,-30.0,-27.0,155.0,-28.5,20
168,20,156.0,158.0,-30.0,-27.0,157.0,-28.5,18
169,20,158.0,160.0,-30.0,-27.0,159.0,-28.5,12
170,20,160.0,162.0,-30.0,-27.0,161.0,-28.5,11
171,20,162.0,164.0,-30.0,-27.0,163.0,-28.5,7
172,20,164.0,166.0,-30.0,-27.0,165.0,-28.5,6
173,20,166.0,168.0,-30.0,-27.0,167.0,-28.5,13
174,20,168.0,170.0,-30.0,-27.0,169.0,-28.5,9
175,20,170.0,172.0,-30.0,-27.0,171.0,-28.5,5
176,20,172.0,174.0,-30.0,-27.0,173.0,-28.5,7
177,20,174.0,176.0,-30.0,-27.0,175.0,-28.5,10
178,20,176.0,178.0,-30.0,-27.0,177.0,-28.5,1
179,20,178.0,180.0,-30.0,-27.0,179.0,-28.5,4
106,21,32.0,34.0,-27.0,-24.0,33.0,-25.5,11
107,21,34.0,36.0,-27.0,-24.0,35.0,-25.5,2
108,21,36.0,38.0,-27.0,-24.0,37.0,-25.5,20
109,21,38.0,40.0,-27.0,-24.0,39.0,-25.5,34
110,21,40.0,42.0,-27.0,-24.0,41.0,-25.5,24
111,21,42.0,44.0,-27.0,-24.0,43.0,-25.5,15
112,21,44.0,46.0,-27.0,-24.0,45.0,-25.5,15
113,21,46.0,48.0,-27.0,-24.0,47.0,-25.5,24
114,21,48.0,50.0,-27.0,-24.0,49.0,-25.5,21
115,21,50.0,52.0,-27.0,-24.0,51.0,-25.5,48
116,21,52.0,54.0,-27.0,-24.0,53.0,-25.5,65
117,21,54.0,56.0,-27.0,-24.0,55.0,-25.5,72
118,21,56.0,58.0,-27.0,-24.0,57.0,-25.5,45
119,21,58.0,60.0,-27.0,-24.0,59.0,-25.5,36
120,21,60.0,62.0,-27.0,-24.0,61.0,-25.5,26
121,21,62.0,64.0,-27.0,-24.0,63.0,-25.5,21
122,21,64.0,66.0,-27.0,-24.0,65.0,-25.5,23
123,21,66.0,68.0,-27.0,-24.0,67.0,-25.5,16
124,21,68.0,70.0,-27.0,-24.0,69.0,-25.5,21
125,21,70.0,72.0,-27.0,-24.0,71.0,-25.5,7
126,21,72.0,74.0,-27.0,-24.0,73.0,-25.5,11
127,21,74.0,76.0,-27.0,-24.0,75.0,-25.5,17
128,21,76.0,78.0,-27.0,-24.0,77.0,-25.5,8
129,21,78.0,80.0,-27.0,-24.0,79.0,-25.5,7
130,21,80.0,82.0,-27.0,-24.0,81.0,-25.5,8
131,21,82.0,84.0,-27.0,-24.0,83.0,-25.5,2
133,21,86.0,88.0,-27.0,-24.0,87.0,-25.5,4
134,21,88.0,90.0,-27.0,-24.0,89.0,-25.5,3
135,21,90.0,92.0,-27.0,-24.0,91.0,-25.5,2
137,21,94.0,96.0,-27.0,-24.0,95.0,-25.5,1
138,21,96.0,98.0,-27.0,-24.0,97.0,-25.5,3
139,21,98.0,100.0,-27.0,-24.0,99.0,-25.5,2
140,21,100.0,102.0,-27.0,-24.0,101.0,-25.5,2
141,21,102.0,104.0,-27.0,-24.0,103.0,-25.5,9
142,21,104.0,106.0,-27.0,-24.0,105.0,-25.5,10
143,21,106.0,108.0,-27.0,-24.0,107.0,-25.5,15
144,21,108.0,110.0,-27.0,-24.0,109.0,-25.5,16
145,21,110.0,112.0,-27.0,-24.0,111.0,-25.5,39
146,21,112.0,114.0,-27.0,-24.0,113.0,-25.5,21
147,21,114.0,116.0,-27.0,-24.0,115.0,-25.5,35
148,21,116.0,118.0,-27.0,-24.0,117.0,-25.5,13
149,21,118.0,120.0,-27.0,-24.0,119.0,-25.5,7
150,21,120.0,122.0,-27.0,-24.0,121.0,-25.5,6
151,21,122.0,124.0,-27.0,-24.0,123.0,-25.5,4
152,21,124.0,126.0,-27.0,-24.0,125.0,-25.5,4
154,21,128.0,130.0,-27.0,-24.0,129.0,-25.5,1
155,21,130.0,132.0,-27.0,-24.0,131.0,-25.5,1
158,21,136.0,138.0,-27.0,-24.0,137.0,-25.5,1
159,21,138.0,140.0,-27.0,-24.0,139.0,-25.5,1
160,21,140.0,142.0,-27.0,-24.0,141.0,-25.5,3
161,21,142.0,144.0,-27.0,-24.0,143.0,-25.5,3
162,21,144.0,146.0,-27.0,-24.0,145.0,-25.5,4
163,21,146.0,148.0,-27.0,-24.0,147.0,-25.5,3
164,21,148.0,150.0,-27.0,-24.0,149.0,-25.5,3
165,21,150.0,152.0,-27.0,-24.0,151.0,-25.5,5
166,21,152.0,154.0,-27.0,-24.0,153.0,-25.5,21
167,21,154.0,156.0,-27.0,-24.0,155.0,-25.5,35
168,21,156.0,158.0,-27.0,-24.0,157.0,-25.5,19
169,21,158.0,160.0,-27.0,-24.0,159.0,-25.5,19
170,21,160.0,162.0,-27.0,-24.0,161.0,-25.5,5
171,21,162.0,164.0,-27.0,-24.0,163.0,-25.5,23
172,21,164.0,166.0,-27.0,-24.0,165.0,-25.5,30
173,21,166.0,168.0,-27.0,-24.0,167.0,-25.5,11
174,21,168.0,170.0,-27.0,-24.0,169.0,-25.5,7
175,21,170.0,172.0,-27.0,-24.0,171.0,-25.5,12
176,21,172.0,174.0,-27.0,-24.0,173.0,-25.5,17
177,21,174.0,176.0,-27.0,-24.0,175.0,-25.5,14
178,21,176.0,178.0,-27.0,-24.0,177.0,-25.5,23
179,21,178.0,180.0,-27.0,-24.0,179.0,-25.5,16
104,22,28.0,30.0,-24.0,-21.0,29.0,-22.5,4
105,22,30.0,32.0,-24.0,-21.0,31.0,-22.5,4
106,22,32.0,34.0,-24.0,-21.0,33.0,-22.5,13
107,22,34.0,36.0,-24.0,-21.0,35.0,-22.5,12
108,22,36.0,38.0,-24.0,-21.0,37.0,-22.5,53
109,22,38.0,40.0,-24.0,-21.0,39.0,-22.5,95
110,22,40.0,42.0,-24.0,-21.0,41.0,-22.5,66
111,22,42.0,44.0,-24.0,-21.0,43.0,-22.5,48
112,22,44.0,46.0,-24.0,-21.0,45.0,-22.5,8
113,22,46.0,48.0,-24.0,-21.0,47.0,-22.5,11
114,22,48.0,50.0,-24.0,-21.0,49.0,-22.5,75
115,22,50.0,52.0,-24.0,-21.0,51.0,-22.5,109
116,22,52.0,54.0,-24.0,-21.0,53.0,-22.5,85
117,22,54.0,56.0,-24.0,-21.0,55.0,-22.5,135
118,22,56.0,58.0,-24.0,-21.0,57.0,-22.5,100
119,22,58.0,60.0,-24.0,-21.0,59.0,-22.5,36
120,22,60.0,62.0,-24.0,-21.0,61.0,-22.5,61
121,22,62.0,64.0,-24.0,-21.0,63.0,-22.5,41
122,22,64.0,66.0,-24.0,-21.0,65.0,-22.5,38
123,22,66.0,68.0,-24.0,-21.0,67.0,-22.5,39
124,22,68.0,70.0,-24.0,-21.0,69.0,-22.5,39
125,22,70.0,72.0,-24.0,-21.0,71.0,-22.5,32
126,22,72.0,74.0,-24.0,-21.0,73.0,-22.5,31
127,22,74.0,76.0,-24.0,-21.0,75.0,-22.5,33
128,22,76.0,78.0,-24.0,-21.0,77.0,-22.5,7
129,22,78.0,80.0,-24.0,-21.0,79.0,-22.5,14
130,22,80.0,82.0,-24.0,-21.0,81.0,-22.5,22
131,22,82.0,84.0,-24.0,-21.0,83.0,-22.5,13
132,22,84.0,86.0,-24.0,-21.0,85.0,-22.5,8
133,22,86.0,88.0,-24.0,-21.0,87.0,-22.5,15
134,22,88.0,90.0,-24.0,-21.0,89.0,-22.5,19
135,22,90.0,92.0,-24.0,-21.0,91.0,-22.5,22
136,22,92.0,94.0,-24.0,-21.0,93.0,-22.5,17
137,22,94.0,96.0,-24.0,-21.0,95.0,-22.5,11
138,22,96.0,98.0,-24.0,-21.0,97.0,-22.5,13
139,22,98.0,100.0,-24.0,-21.0,99.0,-22.5,7
140,22,100.0,102.0,-24.0,-21.0,101.0,-22.5,12
141,22,102.0,104.0,-24.0,-21.0,103.0,-22.5,10
142,22,104.0,106.0,-24.0,-21.0,105.0,-22.5,21
143,22,106.0,108.0,-24.0,-21.0,107.0,-22.5,28
144,22,108.0,110.0,-24.0,-21.0,109.0,-22.5,32
145,22,110.0,112.0,-24.0,-21.0,111.0,-22.5,65
146,22,112.0,114.0,-24.0,-21.0,113.0,-22.5,44
147,22,114.0,116.0,-24.0,-21.0,115.0,-22.5,65
148,22,116.0,118.0,-24.0,-21.0,117.0,-22.5,32
149,22,118.0,120.0,-24.0,-21.0,119.0,-22.5,26
150,22,120.0,122.0,-24.0,-21.0,121.0,-22.5,20
151,22,122.0,124.0,-24.0,-21.0,123.0,-22.5,25
152,22,124.0,126.0,-24.0,-21.0,125.0,-22.5,11
153,22,126.0,128.0,-24.0,-21.0,127.0,-22.5,8
154,22,128.0,130.0,-24.0,-21.0,129.0,-22.5,5
157,22,134.0,136.0,-24.0,-21.0,135.0,-22.5,2
158,22,136.0,138.0,-24.0,-21.0,137.0,-22.5,4
159,22,138.0,140.0,-24.0,-21.0,139.0,-22.5,17
160,22,140.0,142.0,-24.0,-21.0,141.0,-22.5,8
161,22,142.0,144.0,-24.0,-21.0,143.0,-22.5,12
162,22,144.0,146.0,-24.0,-21.0,145.0,-22.5,9
163,22,146.0,148.0,-24.0,-21.0,147.0,-22.5,14
164,22,148.0,150.0,-24.0,-21.0,149.0,-22.5,32
165,22,150.0,152.0,-24.0,-21.0,151.0,-22.5,62
166,22,152.0,154.0,-24.0,-21.0,153.0,-22.5,31
167,22,154.0,156.0,-24.0,-21.0,155.0,-22.5,46
168,22,156.0,158.0,-24.0,-21.0,157.0,-22.5,58
169,22,158.0,160.0,-24.0,-21.0,159.0,-22.5,63
170,22,160.0,162.0,-24.0,-21.0,161.0,-22.5,27
171,22,162.0,164.0,-24.0,-21.0,163.0,-22.5,59
172,22,164.0,166.0,-24.0,-21.0,165.0,-22.5,43
173,22,166.0,168.0,-24.0,-21.0,167.0,-22.5,46
174,22,168.0,170.0,-24.0,-21.0,169.0,-22.5,47
175,22,170.0,172.0,-24.0,-21.0,171.0,-22.5,33
176,22,172.0,174.0,-24.0,-21.0,173.0,-22.5,30
177,22,174.0,176.0,-24.0,-21.0,175.0,-22.5,27
178,22,176.0,178.0,-24.0,-21.0,177.0,-22.5,59
179,22,178.0,180.0,-24.0,-21.0,179.0,-22.5,51
105,23,30.0,32.0,-21.0,-18.0,31.0,-19.5,1
106,23,32.0,34.0,-21.0,-18.0,33.0,-19.5,13
107,23,34.0,36.0,-21.0,-18.0,35.0,-19.5,33
108,23,36.0,38.0,-21.0,-18.0,37.0,-19.5,96
109,23,38.0,40.0,-21.0,-18.0,39.0,-19.5,138
110,23,40.0,42.0,-21.0,-18.0,41.0,-19.5,124
111,23,42.0,44.0,-21.0,-18.0,43.0,-19.5,66
112,23,44.0,46.0,-21.0,-18.0,45.0,-19.5,16
113,23,46.0,48.0,-21.0,-18.0,47.0,-19.5,6
114,23,48.0,50.0,-21.0,-18.0,49.0,-19.5,69
115,23,50.0,52.0,-21.0,-18.0,51.0,-19.5,111
116,23,52.0,54.0,-21.0,-18.0,53.0,-19.5,95
117,23,54.0,56.0,-21.0,-18.0,55.0,-19.5,148
118,23,56.0,58.0,-21.0,-18.0,57.0,-19.5,152
119,23,58.0,60.0,-21.0,-18.0,59.0,-19.5,68
120,23,60.0,62.0,-21.0,-18.0,61.0,-19.5,81
121,23,62.0,64.0,-21.0,-18.0,63.0,-19.5,38
122,23,64.0,66.0,-21.0,-18.0,65.0,-19.5,55
123,23,66.0,68.0,-21.0,-18.0,67.0,-19.5,47
124,23,68.0,70.0,-21.0,-18.0,69.0,-19.5,45
125,23,70.0,72.0,-21.0,-18.0,71.0,-19.5,32
126,23,72.0,74.0,-21.0,-18.0,73.0,-19.5,35
127,23,74.0,76.0,-21.0,-18.0,75.0,-19.5,53
128,23,76.0,78.0,-21.0,-18.0,77.0,-19.5,38
129,23,78.0,80.0,-21.0,-18.0,79.0,-19.5,27
130,23,80.0,82.0,-21.0,-18.0,81.0,-19.5,18
131,23,82.0,84.0,-21.0,-18.0,83.0,-19.5,22
132,23,84.0,86.0,-21.0,-18.0,85.0,-19.5,12
133,23,86.0,88.0,-21.0,-18.0,87.0,-19.5,13
134,23,88.0,90.0,-21.0,-18.0,89.0,-19.5,13
135,23,90.0,92.0,-21.0,-18.0,91.0,-19.5,28
136,23,92.0,94.0,-21.0,-18.0,93.0,-19.5,28
137,23,94.0,96.0,-21.0,-18.0,95.0,-19.5,28
138,23,96.0,98.0,-21.0,-18.0,97.0,-19.5,40
139,23,98.0,100.0,-21.0,-18.0,99.0,-19.5,26
140,23,100.0,102.0,-21.0,-18.0,101.0,-19.5,34
141,23,102.0,104.0,-21.0,-18.0,103.0,-19.5,33
142,23,104.0,106.0,-21.0,-18.0,105.0,-19.5,37
143,23,106.0,108.0,-21.0,-18.0,107.0,-19.5,27
144,23,108.0,110.0,-21.0,-18.0,109.0,-19.5,42
145,23,110.0,112.0,-21.0,-18.0,111.0,-19.5,66
146,23,112.0,114.0,-21.0,-18.0,113.0,-19.5,72
147,23,114.0,116.0,-21.0,-18.0,115.0,-19.5,93
148,23,116.0,118.0,-21.0,-18.0,117.0,-19.5,47
149,23,118.0,120.0,-21.0,-18.0,119.0,-19.5,76
150,23,120.0,122.0,-21.0,-18.0,121.0,-19.5,60
151,23,122.0,124.0,-21.0,-18.0,123.0,-19.5,31
152,23,124.0,126.0,-21.0,-18.0,125.0,-19.5,13
153,23,126.0,128.0,-21.0,-18.0,127.0,-19.5,9
154,23,128.0,130.0,-21.0,-18.0,129.0,-19.5,3
155,23,130.0,132.0,-21.0,-18.0,131.0,-19.5,4
156,23,132.0,134.0,-21.0,-18.0,133.0,-19.5,4
157,23,134.0,136.0,-21.0,-18.0,135.0,-19.5,8
158,23,136.0,138.0,-21.0,-18.0,137.0,-19.5,16
159,23,138.0,140.0,-21.0,-18.0,139.0,-19.5,7
160,23,140.0,142.0,-21.0,-18.0,141.0,-19.5,29
161,23,142.0,144.0,-21.0,-18.0,143.0,-19.5,8
162,23,144.0,146.0,-21.0,-18.0,145.0,-19.5,9
163,23,146.0,148.0,-21.0,-18.0,147.0,-19.5,13
164,23,148.0,150.0,-21.0,-18.0,149.0,-19.5,32
165,23,150.0,152.0,-21.0,-18.0,151.0,-19.5,88
166,23,152.0,154.0,-21.0,-18.0,153.0,-19.5,37
167,23,154.0,156.0,-21.0,-18.0,155.0,-19.5,67
168,23,156.0,158.0,-21.0,-18.0,157.0,-19.5,48
169,23,158.0,160.0,-21.0,-18.0,159.0,-19.5,71
170,23,160.0,162.0,-21.0,-18.0,161.0,-19.5,73
171,23,162.0,164.0,-21.0,-18.0,163.0,-19.5,62
172,23,164.0,166.0,-21.0,-18.0,165.0,-19.5,61
173,23,166.0,168.0,-21.0,-18.0,167.0,-19.5,56
174,23,168.0,170.0,-21.0,-18.0,169.0,-19.5,59
175,23,170.0,172.0,-21.0,-18.0,171.0,-19.5,39
176,23,172.0,174.0,-21.0,-18.0,173.0,-19.5,63
177,23,174.0,176.0,-21.0,-18.0,175.0,-19.5,54
178,23,176.0,178.0,-21.0,-18.0,177.0,-19.5,73
179,23,178.0,180.0,-21.0,-18.0,179.0,-19.5,59
102,24,24.0,26.0,-18.0,-15.0,25.0,-16.5,1
103,24,26.0,28.0,-18.0,-15.0,27.0,-16.5,1
104,24,28.0,30.0,-18.0,-15.0,29.0,-16.5,2
105,24,30.0,32.0,-18.0,-15.0,31.0,-16.5,1
106,24,32.0,34.0,-18.0,-15.0,33.0,-16.5,10
107,24,34.0,36.0,-18.0,-15.0,35.0,-16.5,14
108,24,36.0,38.0,-18.0,-15.0,37.0,-16.5,48
109,24,38.0,40.0,-18.0,-15.0,39.0,-16.5,105
110,24,40.0,42.0,-18.0,-15.0,41.0,-16.5,90
111,24,42.0,44.0,-18.0,-15.0,43.0,-16.5,122
112,24,44.0,46.0,-18.0,-15.0,45.0,-16.5,54
113,24,46.0,48.0,-18.0,-15.0,47.0,-16.5,50
114,24,48.0,50.0,-18.0,-15.0,49.0,-16.5,42
115,24,50.0,52.0,-18.0,-15.0,51.0,-16.5,130
116,24,52.0,54.0,-18.0,-15.0,53.0,-16.5,101
117,24,54.0,56.0,-18.0,-15.0,55.0,-16.5,207
118,24,56.0,58.0,-18.0,-15.0,57.0,-16.5,170
119,24,58.0,60.0,-18.0,-15.0,59.0,-16.5,82
120,24,60.0,62.0,-18.0,-15.0,61.0,-16.5,110
121,24,62.0,64.0,-18.0,-15.0,63.0,-16.5,63
122,24,64.0,66.0,-18.0,-15.0,65.0,-16.5,106
123,24,66.0,68.0,-18.0,-15.0,67.0,-16.5,51
124,24,68.0,70.0,-18.0,-15.0,69.0,-16.5,71
125,24,70.0,72.0,-18.0,-15.0,71.0,-16.5,39
126,24,72.0,74.0,-18.0,-15.0,73.0,-16.5,36
127,24,74.0,76.0,-18.0,-15.0,75.0,-16.5,57
128,24,76.0,78.0,-18.0,-15.0,77.0,-16.5,44
129,24,78.0,80.0,-18.0,-15.0,79.0,-16.5,69
130,24,80.0,82.0,-18.0,-15.0,81.0,-16.5,36
131,24,82.0,84.0,-18.0,-15.0,83.0,-16.5,29
132,24,84.0,86.0,-18.0,-15.0,85.0,-16.5,24
133,24,86.0,88.0,-18.0,-15.0,87.0,-16.5,46
134,24,88.0,90.0,-18.0,-15.0,89.0,-16.5,40
135,24,90.0,92.0,-18.0,-15.0,91.0,-16.5,32
136,24,92.0,94.0,-18.0,-15.0,93.0,-16.5,42
137,24,94.0,96.0,-18.0,-15.0,95.0,-16.5,34
138,24,96.0,98.0,-18.0,-15.0,97.0,-16.5,75
139,24,98.0,100.0,-18.0,-15.0,99.0,-16.5,54
140,24,100.0,102.0,-18.0,-15.0,101.0,-16.5,85
141,24,102.0,104.0,-18.0,-15.0,103.0,-16.5,53
142,24,104.0,106.0,-18.0,-15.0,105.0,-16.5,73
143,24,106.0,108.0,-18.0,-15.0,107.0,-16.5,50
144,24,108.0,110.0,-18.0,-15.0,109.0,-16.5,60
145,24,110.0,112.0,-18.0,-15.0,111.0,-16.5,75
146,24,112.0,114.0,-18.0,-15.0,113.0,-16.5,76
147,24,114.0,116.0,-18.0,-15.0,115.0,-16.5,119
148,24,116.0,118.0,-18.0,-15.0,117.0,-16.5,118
149,24,118.0,120.0,-18.0,-15.0,119.0,-16.5,141
150,24,120.0,122.0,-18.0,-15.0,121.0,-16.5,97
151,24,122.0,124.0,-18.0,-15.0,123.0,-16.5,98
152,24,124.0,126.0,-18.0,-15.0,125.0,-16.5,38
153,24,126.0,128.0,-18.0,-15.0,127.0,-16.5,10
154,24,128.0,130.0,-18.0,-15.0,129.0,-16.5,14
155,24,130.0,132.0,-18.0,-15.0,131.0,-16.5,14
156,24,132.0,134.0,-18.0,-15.0,133.0,-16.5,19
157,24,134.0,136.0,-18.0,-15.0,135.0,-16.5,45
158,24,136.0,138.0,-18.0,-15.0,137.0,-16.5,63
159,24,138.0,140.0,-18.0,-15.0,139.0,-16.5,72
160,24,140.0,142.0,-18.0,-15.0,141.0,-16.5,68
161,24,142.0,144.0,-18.0,-15.0,143.0,-16.5,38
162,24,144.0,146.0,-18.0,-15.0,145.0,-16.5,23
163,24,146.0,148.0,-18.0,-15.0,147.0,-16.5,97
164,24,148.0,150.0,-18.0,-15.0,149.0,-16.5,79
165,24,150.0,152.0,-18.0,-15.0,151.0,-16.5,150
166,24,152.0,154.0,-18.0,-15.0,153.0,-16.5,128
167,24,154.0,156.0,-18.0,-15.0,155.0,-16.5,127
168,24,156.0,158.0,-18.0,-15.0,157.0,-16.5,71
169,24,158.0,160.0,-18.0,-15.0,159.0,-16.5,103
170,24,160.0,162.0,-18.0,-15.0,161.0,-16.5,91
171,24,162.0,164.0,-18.0,-15.0,163.0,-16.5,66
172,24,164.0,166.0,-18.0,-15.0,165.0,-16.5,98
173,24,166.0,168.0,-18.0,-15.0,167.0,-16.5,44
174,24,168.0,170.0,-18.0,-15.0,169.0,-16.5,91
175,24,170.0,172.0,-18.0,-15.0,171.0,-16.5,60
176,24,172.0,174.0,-18.0,-15.0,173.0,-16.5,72
177,24,174.0,176.0,-18.0,-15.0,175.0,-16.5,66
178,24,176.0,178.0,-18.0,-15.0,177.0,-16.5,87
179,24,178.0,180.0,-18.0,-15.0,179.0,-16.5,70
106,25,32.0,34.0,-15.0,-12.0,33.0,-13.5,1
107,25,34.0,36.0,-15.0,-12.0,35.0,-13.5,5
108,25,36.0,38.0,-15.0,-12.0,37.0,-13.5,14
109,25,38.0,40.0,-15.0,-12.0,39.0,-13.5,23
110,25,40.0,42.0,-15.0,-12.0,41.0,-13.5,74
111,25,42.0,44.0,-15.0,-12.0,43.0,-13.5,81
112,25,44.0,46.0,-15.0,-12.0,45.0,-13.5,72
113,25,46.0,48.0,-15.0,-12.0,47.0,-13.5,95
114,25,48.0,50.0,-15.0,-12.0,49.0,-13.5,33
115,25,50.0,52.0,-15.0,-12.0,51.0,-13.5,162
116,25,52.0,54.0,-15.0,-12.0,53.0,-13.5,138
117,25,54.0,56.0,-15.0,-12.0,55.0,-13.5,176
118,25,56.0,58.0,-15.0,-12.0,57.0,-13.5,244
119,25,58.0,60.0,-15.0,-12.0,59.0,-13.5,108
120,25,60.0,62.0,-15.0,-12.0,61.0,-13.5,143
121,25,62.0,64.0,-15.0,-12.0,63.0,-13.5,105
122,25,64.0,66.0,-15.0,-12.0,65.0,-13.5,174
123,25,66.0,68.0,-15.0,-12.0,67.0,-13.5,105
124,25,68.0,70.0,-15.0,-12.0,69.0,-13.5,124
125,25,70.0,72.0,-15.0,-12.0,71.0,-13.5,99
126,25,72.0,74.0,-15.0,-12.0,73.0,-13.5,151
127,25,74.0,76.0,-15.0,-12.0,75.0,-13.5,91
128,25,76.0,78.0,-15.0,-12.0,77.0,-13.5,62
129,25,78.0,80.0,-15.0,-12.0,79.0,-13.5,126
130,25,80.0,82.0,-15.0,-12.0,81.0,-13.5,82
131,25,82.0,84.0,-15.0,-12.0,83.0,-13.5,76
132,25,84.0,86.0,-15.0,-12.0,85.0,-13.5,57
133,25,86.0,88.0,-15.0,-12.0,87.0,-13.5,60
134,25,88.0,90.0,-15.0,-12.0,89.0,-13.5,66
135,25,90.0,92.0,-15.0,-12.0,91.0,-13.5,81
136,25,92.0,94.0,-15.0,-12.0,93.0,-13.5,62
137,25,94.0,96.0,-15.0,-12.0,95.0,-13.5,56
138,25,96.0,98.0,-15.0,-12.0,97.0,-13.5,82
139,25,98.0,100.0,-15.0,-12.0,99.0,-13.5,46
140,25,100.0,102.0,-15.0,-12.0,101.0,-13.5,73
141,25,102.0,104.0,-15.0,-12.0,103.0,-13.5,78
142,25,104.0,106.0,-15.0,-12.0,105.0,-13.5,59
143,25,106.0,108.0,-15.0,-12.0,107.0,-13.5,57
144,25,108.0,110.0,-15.0,-12.0,109.0,-13.5,89
145,25,110.0,112.0,-15.0,-12.0,111.0,-13.5,100
146,25,112.0,114.0,-15.0,-12.0,113.0,-13.5,74
147,25,114.0,116.0,-15.0,-12.0,115.0,-13.5,101
148,25,116.0,118.0,-15.0,-12.0,117.0,-13.5,87
149,25,118.0,120.0,-15.0,-12.0,119.0,-13.5,122
150,25,120.0,122.0,-15.0,-12.0,121.0,-13.5,94
151,25,122.0,124.0,-15.0,-12.0,123.0,-13.5,150
152,25,124.0,126.0,-15.0,-12.0,125.0,-13.5,127
153,25,126.0,128.0,-15.0,-12.0,127.0,-13.5,149
154,25,128.0,130.0,-15.0,-12.0,129.0,-13.5,117
155,25,130.0,132.0,-15.0,-12.0,131.0,-13.5,42
156,25,132.0,134.0,-15.0,-12.0,133.0,-13.5,30
157,25,134.0,136.0,-15.0,-12.0,135.0,-13.5,41
158,25,136.0,138.0,-15.0,-12.0,137.0,-13.5,186
159,25,138.0,140.0,-15.0,-12.0,139.0,-13.5,148
160,25,140.0,142.0,-15.0,-12.0,141.0,-13.5,134
161,25,142.0,144.0,-15.0,-12.0,143.0,-13.5,42
162,25,144.0,146.0,-15.0,-12.0,145.0,-13.5,115
163,25,146.0,148.0,-15.0,-12.0,147.0,-13.5,155
164,25,148.0,150.0,-15.0,-12.0,149.0,-13.5,121
165,25,150.0,152.0,-15.0,-12.0,151.0,-13.5,118
166,25,152.0,154.0,-15.0,-12.0,153.0,-13.5,90
167,25,154.0,156.0,-15.0,-12.0,155.0,-13.5,95
168,25,156.0,158.0,-15.0,-12.0,157.0,-13.5,89
169,25,158.0,160.0,-15.0,-12.0,159.0,-13.5,131
170,25,160.0,162.0,-15.0,-12.0,161.0,-13.5,71
171,25,162.0,164.0,-15.0,-12.0,163.0,-13.5,92
172,25,164.0,166.0,-15.0,-12.0,165.0,-13.5,83
173,25,166.0,168.0,-15.0,-12.0,167.0,-13.5,67
174,25,168.0,170.0,-15.0,-12.0,169.0,-13.5,96
175,25,170.0,172.0,-15.0,-12.0,171.0,-13.5,66
176,25,172.0,174.0,-15.0,-12.0,173.0,-13.5,118
177,25,174.0,176.0,-15.0,-12.0,175.0,-13.5,73
178,25,176.0,178.0,-15.0,-12.0,177.0,-13.5,83
179,25,178.0,180.0,-15.0,-12.0,179.0,-13.5,52
108,26,36.0,38.0,-12.0,-9.0,37.0,-10.5,1
109,26,38.0,40.0,-12.0,-9.0,39.0,-10.5,10
110,26,40.0,42.0,-12.0,-9.0,41.0,-10.5,14
111,26,42.0,44.0,-12.0,-9.0,43.0,-10.5,29
112,26,44.0,46.0,-12.0,-9.0,45.0,-10.5,30
113,26,46.0,48.0,-12.0,-9.0,47.0,-10.5,67
114,26,48.0,50.0,-12.0,-9.0,49.0,-10.5,76
115,26,50.0,52.0,-12.0,-9.0,51.0,-10.5,132
116,26,52.0,54.0,-12.0,-9.0,53.0,-10.5,89
117,26,54.0,56.0,-12.0,-9.0,55.0,-10.5,127
118,26,56.0,58.0,-12.0,-9.0,57.0,-10.5,98
119,26,58.0,60.0,-12.0,-9.0,59.0,-10.5,80
120,26,60.0,62.0,-12.0,-9.0,61.0,-10.5,113
121,26,62.0,64.0,-12.0,-9.0,63.0,-10.5,47
122,26,64.0,66.0,-12.0,-9.0,65.0,-10.5,60
123,26,66.0,68.0,-12.0,-9.0,67.0,-10.5,64
124,26,68.0,70.0,-12.0,-9.0,69.0,-10.5,94
125,26,70.0,72.0,-12.0,-9.0,71.0,-10.5,80
126,26,72.0,74.0,-12.0,-9.0,73.0,-10.5,86
127,26,74.0,76.0,-12.0,-9.0,75.0,-10.5,90
128,26,76.0,78.0,-12.0,-9.0,77.0,-10.5,57
129,26,78.0,80.0,-12.0,-9.0,79.0,-10.5,80
130,26,80.0,82.0,-12.0,-9.0,81.0,-10.5,59
131,26,82.0,84.0,-12.0,-9.0,83.0,-10.5,58
132,26,84.0,86.0,-12.0,-9.0,85.0,-10.5,27
133,26,86.0,88.0,-12.0,-9.0,87.0,-10.5,27
134,26,88.0,90.0,-12.0,-9.0,89.0,-10.5,24
135,26,90.0,92.0,-12.0,-9.0,91.0,-10.5,31
136,26,92.0,94.0,-12.0,-9.0,93.0,-10.5,24
137,26,94.0,96.0,-12.0,-9.0,95.0,-10.5,16
138,26,96.0,98.0,-12.0,-9.0,97.0,-10.5,32
139,26,98.0,100.0,-12.0,-9.0,99.0,-10.5,22
140,26,100.0,102.0,-12.0,-9.0,101.0,-10.5,25
141,26,102.0,104.0,-12.0,-9.0,103.0,-10.5,29
142,26,104.0,106.0,-12.0,-9.0,105.0,-10.5,26
143,26,106.0,108.0,-12.0,-9.0,107.0,-10.5,10
144,26,108.0,110.0,-12.0,-9.0,109.0,-10.5,18
145,26,110.0,112.0,-12.0,-9.0,111.0,-10.5,17
146,26,112.0,114.0,-12.0,-9.0,113.0,-10.5,8
147,26,114.0,116.0,-12.0,-9.0,115.0,-10.5,35
148,26,116.0,118.0,-12.0,-9.0,117.0,-10.5,27
149,26,118.0,120.0,-12.0,-9.0,119.0,-10.5,38
150,26,120.0,122.0,-12.0,-9.0,121.0,-10.5,38
151,26,122.0,124.0,-12.0,-9.0,123.0,-10.5,57
152,26,124.0,126.0,-12.0,-9.0,125.0,-10.5,24
153,26,126.0,128.0,-12.0,-9.0,127.0,-10.5,77
154,26,128.0,130.0,-12.0,-9.0,129.0,-10.5,113
155,26,130.0,132.0,-12.0,-9.0,131.0,-10.5,46
156,26,132.0,134.0,-12.0,-9.0,133.0,-10.5,80
157,26,134.0,136.0,-12.0,-9.0,135.0,-10.5,57
158,26,136.0,138.0,-12.0,-9.0,137.0,-10.5,76
159,26,138.0,140.0,-12.0,-9.0,139.0,-10.5,62
160,26,140.0,142.0,-12.0,-9.0,141.0,-10.5,54
161,26,142.0,144.0,-12.0,-9.0,143.0,-10.5,24
162,26,144.0,146.0,-12.0,-9.0,145.0,-10.5,40
163,26,146.0,148.0,-12.0,-9.0,147.0,-10.5,14
164,26,148.0,150.0,-12.0,-9.0,149.0,-10.5,5
165,26,150.0,152.0,-12.0,-9.0,151.0,-10.5,19
166,26,152.0,154.0,-12.0,-9.0,153.0,-10.5,25
167,26,154.0,156.0,-12.0,-9.0,155.0,-10.5,52
168,26,156.0,158.0,-12.0,-9.0,157.0,-10.5,27
169,26,158.0,160.0,-12.0,-9.0,159.0,-10.5,35
170,26,160.0,162.0,-12.0,-9.0,161.0,-10.5,21
171,26,162.0,164.0,-12.0,-9.0,163.0,-10.5,26
172,26,164.0,166.0,-12.0,-9.0,165.0,-10.5,41
173,26,166.0,168.0,-12.0,-9.0,167.0,-10.5,40
174,26,168.0,170.0,-12.0,-9.0,169.0,-10.5,52
175,26,170.0,172.0,-12.0,-9.0,171.0,-10.5,27
176,26,172.0,174.0,-12.0,-9.0,173.0,-10.5,53
177,26,174.0,176.0,-12.0,-9.0,175.0,-10.5,34
178,26,176.0,178.0,-12.0,-9.0,177.0,-10.5,38
179,26,178.0,180.0,-12.0,-9.0,179.0,-10.5,21
109,27,38.0,40.0,-9.0,-6.0,39.0,-7.5,7
110,27,40.0,42.0,-9.0,-6.0,41.0,-7.5,4
111,27,42.0,44.0,-9.0,-6.0,43.0,-7.5,24
112,27,44.0,46.0,-9.0,-6.0,45.0,-7.5,18
113,27,46.0,48.0,-9.0,-6.0,47.0,-7.5,28
114,27,48.0,50.0,-9.0,-6.0,49.0,-7.5,32
115,27,50.0,52.0,-9.0,-6.0,51.0,-7.5,57
116,27,52.0,54.0,-9.0,-6.0,53.0,-7.5,37
117,27,54.0,56.0,-9.0,-6.0,55.0,-7.5,55
118,27,56.0,58.0,-9.0,-6.0,57.0,-7.5,58
119,27,58.0,60.0,-9.0,-6.0,59.0,-7.5,46
120,27,60.0,62.0,-9.0,-6.0,61.0,-7.5,80
121,27,62.0,64.0,-9.0,-6.0,63.0,-7.5,46
122,27,64.0,66.0,-9.0,-6.0,65.0,-7.5,68
123,27,66.0,68.0,-9.0,-6.0,67.0,-7.5,61
124,27,68.0,70.0,-9.0,-6.0,69.0,-7.5,43
125,27,70.0,72.0,-9.0,-6.0,71.0,-7.5,45
126,27,72.0,74.0,-9.0,-6.0,73.0,-7.5,60
127,27,74.0,76.0,-9.0,-6.0,75.0,-7.5,50
128,27,76.0,78.0,-9.0,-6.0,77.0,-7.5,44
129,27,78.0,80.0,-9.0,-6.0,79.0,-7.5,62
130,27,80.0,82.0,-9.0,-6.0,81.0,-7.5,26
131,27,82.0,84.0,-9.0,-6.0,83.0,-7.5,39
132,27,84.0,86.0,-9.0,-6.0,85.0,-7.5,37
133,27,86.0,88.0,-9.0,-6.0,87.0,-7.5,45
134,27,88.0,90.0,-9.0,-6.0,89.0,-7.5,24
135,27,90.0,92.0,-9.0,-6.0,91.0,-7.5,18
136,27,92.0,94.0,-9.0,-6.0,93.0,-7.5,27
137,27,94.0,96.0,-9.0,-6.0,95.0,-7.5,19
138,27,96.0,98.0,-9.0,-6.0,97.0,-7.5,11
139,27,98.0,100.0,-9.0,-6.0,99.0,-7.5,10
140,27,100.0,102.0,-9.0,-6.0,101.0,-7.5,8
141,27,102.0,104.0,-9.0,-6.0,103.0,-7.5,2
142,27,104.0,106.0,-9.0,-6.0,105.0,-7.5,6
145,27,110.0,112.0,-9.0,-6.0,111.0,-7.5,1
146,27,112.0,114.0,-9.0,-6.0,113.0,-7.5,3
149,27,118.0,120.0,-9.0,-6.0,119.0,-7.5,1
151,27,122.0,124.0,-9.0,-6.0,123.0,-7.5,3
152,27,124.0,126.0,-9.0,-6.0,125.0,-7.5,3
153,27,126.0,128.0,-9.0,-6.0,127.0,-7.5,6
154,27,128.0,130.0,-9.0,-6.0,129.0,-7.5,42
155,27,130.0,132.0,-9.0,-6.0,131.0,-7.5,36
156,27,132.0,134.0,-9.0,-6.0,133.0,-7.5,22
157,27,134.0,136.0,-9.0,-6.0,135.0,-7.5,5
158,27,136.0,138.0,-9.0,-6.0,137.0,-7.5,15
159,27,138.0,140.0,-9.0,-6.0,139.0,-7.5,4
160,27,140.0,142.0,-9.0,-6.0,141.0,-7.5,4
167,27,154.0,156.0,-9.0,-6.0,155.0,-7.5,5
168,27,156.0,158.0,-9.0,-6.0,157.0,-7.5,2
169,27,158.0,160.0,-9.0,-6.0,159.0,-7.5,5
170,27,160.0,162.0,-9.0,-6.0,161.0,-7.5,8
171,27,162.0,164.0,-9.0,-6.0,163.0,-7.5,11
172,27,164.0,166.0,-9.0,-6.0,165.0,-7.5,9
173,27,166.0,168.0,-9.0,-6.0,167.0,-7.5,5
174,27,168.0,170.0,-9.0,-6.0,169.0,-7.5,8
175,27,170.0,172.0,-9.0,-6.0,171.0,-7.5,12
176,27,172.0,174.0,-9.0,-6.0,173.0,-7.5,10
177,27,174.0,176.0,-9.0,-6.0,175.0,-7.5,6
178,27,176.0,178.0,-9.0,-6.0,177.0,-7.5,1
179,27,178.0,180.0,-9.0,-6.0,179.0,-7.5,8
109,28,38.0,40.0,-6.0,-3.0,39.0,-4.5,3
110,28,40.0,42.0,-6.0,-3.0,41.0,-4.5,7
111,28,42.0,44.0,-6.0,-3.0,43.0,-4.5,10
112,28,44.0,46.0,-6.0,-3.0,45.0,-4.5,8
113,28,46.0,48.0,-6.0,-3.0,47.0,-4.5,17
114,28,48.0,50.0,-6.0,-3.0,49.0,-4.5,12
115,28,50.0,52.0,-6.0,-3.0,51.0,-4.5,26
116,28,52.0,54.0,-6.0,-3.0,53.0,-4.5,10
117,28,54.0,56.0,-6.0,-3.0,55.0,-4.5,19
118,28,56.0,58.0,-6.0,-3.0,57.0,-4.5,47
119,28,58.0,60.0,-6.0,-3.0,59.0,-4.5,13
120,28,60.0,62.0,-6.0,-3.0,61.0,-4.5,10
121,28,62.0,64.0,-6.0,-3.0,63.0,-4.5,7
122,28,64.0,66.0,-6.0,-3.0,65.0,-4.5,5
123,28,66.0,68.0,-6.0,-3.0,67.0,-4.5,13
124,28,68.0,70.0,-6.0,-3.0,69.0,-4.5,20
125,28,70.0,72.0,-6.0,-3.0,71.0,-4.5,11
126,28,72.0,74.0,-6.0,-3.0,73.0,-4.5,21
127,28,74.0,76.0,-6.0,-3.0,75.0,-4.5,13
128,28,76.0,78.0,-6.0,-3.0,77.0,-4.5,24
129,28,78.0,80.0,-6.0,-3.0,79.0,-4.5,31
130,28,80.0,82.0,-6.0,-3.0,81.0,-4.5,25
131,28,82.0,84.0,-6.0,-3.0,83.0,-4.5,24
132,28,84.0,86.0,-6.0,-3.0,85.0,-4.5,16
133,28,86.0,88.0,-6.0,-3.0,87.0,-4.5,24
134,28,88.0,90.0,-6.0,-3.0,89.0,-4.5,16
135,28,90.0,92.0,-6.0,-3.0,91.0,-4.5,5
136,28,92.0,94.0,-6.0,-3.0,93.0,-4.5,17
137,28,94.0,96.0,-6.0,-3.0,95.0,-4.5,6
138,28,96.0,98.0,-6.0,-3.0,97.0,-4.5,6
139,28,98.0,100.0,-6.0,-3.0,99.0,-4.5,4
140,28,100.0,102.0,-6.0,-3.0,101.0,-4.5,1
154,28,128.0,130.0,-6.0,-3.0,129.0,-4.5,1
168,28,156.0,158.0,-6.0,-3.0,157.0,-4.5,2
169,28,158.0,160.0,-6.0,-3.0,159.0,-4.5,4
170,28,160.0,162.0,-6.0,-3.0,161.0,-4.5,1
171,28,162.0,164.0,-6.0,-3.0,163.0,-4.5,6
172,28,164.0,166.0,-6.0,-3.0,165.0,-4.5,2
173,28,166.0,168.0,-6.0,-3.0,167.0,-4.5,5
174,28,168.0,170.0,-6.0,-3.0,169.0,-4.5,6
175,28,170.0,172.0,-6.0,-3.0,171.0,-4.5,8
176,28,172.0,174.0,-6.0,-3.0,173.0,-4.5,2
177,28,174.0,176.0,-6.0,-3.0,175.0,-4.5,2
111,29,42.0,44.0,-3.0,0.0,43.0,-1.5,3
113,29,46.0,48.0,-3.0,0.0,47.0,-1.5,4
114,29,48.0,50.0,-3.0,0.0,49.0,-1.5,2
115,29,50.0,52.0,-3.0,0.0,51.0,-1.5,7
118,29,56.0,58.0,-3.0,0.0,57.0,-1.5,5
119,29,58.0,60.0,-3.0,0.0,59.0,-1.5,3
120,29,60.0,62.0,-3.0,0.0,61.0,-1.5,1
121,29,62.0,64.0,-3.0,0.0,63.0,-1.5,1
123,29,66.0,68.0,-3.0,0.0,67.0,-1.5,1
124,29,68.0,70.0,-3.0,0.0,69.0,-1.5,6
125,29,70.0,72.0,-3.0,0.0,71.0,-1.5,6
126,29,72.0,74.0,-3.0,0.0,73.0,-1.5,8
127,29,74.0,76.0,-3.0,0.0,75.0,-1.5,5
133,29,86.0,88.0,-3.0,0.0,87.0,-1.5,2
134,29,88.0,90.0,-3.0,0.0,89.0,-1.5,2
135,29,90.0,92.0,-3.0,0.0,91.0,-1.5,1
136,29,92.0,94.0,-3.0,0.0,93.0,-1.5,2
137,29,94.0,96.0,-3.0,0.0,95.0,-1.5,1
143,29,106.0,108.0,-3.0,0.0,107.0,-1.5,5
144,29,108.0,110.0,-3.0,0.0,109.0,-1.5,4
171,29,162.0,164.0,-3.0,0.0,163.0,-1.5,3
178,29,176.0,178.0,-3.0,0.0,177.0,-1.5,1
113,30,46.0,48.0,0.0,3.0,47.0,1.5,2
116,30,52.0,54.0,0.0,3.0,53.0,1.5,1
126,30,72.0,74.0,0.0,3.0,73.0,1.5,1
130,30,80.0,82.0,0.0,3.0,81.0,1.5,1
142,30,104.0,106.0,0.0,3.0,105.0,1.5,11
143,30,106.0,108.0,0.0,3.0,107.0,1.5,22
144,30,108.0,110.0,0.0,3.0,109.0,1.5,23
145,30,110.0,112.0,0.0,3.0,111.0,1.5,8
146,30,112.0,114.0,0.0,3.0,113.0,1.5,2
151,30,122.0,124.0,0.0,3.0,123.0,1.5,1
153,30,126.0,128.0,0.0,3.0,127.0,1.5,3
156,30,132.0,134.0,0.0,3.0,133.0,1.5,3
157,30,134.0,136.0,0.0,3.0,135.0,1.5,2
160,30,140.0,142.0,0.0,3.0,141.0,1.5,6
163,30,146.0,148.0,0.0,3.0,147.0,1.5,1
164,30,148.0,150.0,0.0,3.0,149.0,1.5,2
165,30,150.0,152.0,0.0,3.0,151.0,1.5,2
166,30,152.0,154.0,0.0,3.0,153.0,1.5,2
167,30,154.0,156.0,0.0,3.0,155.0,1.5,4
168,30,156.0,158.0,0.0,3.0,157.0,1.5,1
170,30,160.0,162.0,0.0,3.0,161.0,1.5,1
171,30,162.0,164.0,0.0,3.0,163.0,1.5,15
172,30,164.0,166.0,0.0,3.0,165.0,1.5,4
173,30,166.0,168.0,0.0,3.0,167.0,1.5,2
174,30,168.0,170.0,0.0,3.0,169.0,1.5,2
175,30,170.0,172.0,0.0,3.0,171.0,1.5,4
176,30,172.0,174.0,0.0,3.0,173.0,1.5,3
177,30,174.0,176.0,0.0,3.0,175.0,1.5,1
178,30,176.0,178.0,0.0,3.0,177.0,1.5,2
179,30,178.0,180.0,0.0,3.0,179.0,1.5,6
113,31,46.0,48.0,3.0,6.0,47.0,4.5,1
114,31,48.0,50.0,3.0,6.0,49.0,4.5,9
115,31,50.0,52.0,3.0,6.0,51.0,4.5,11
116,31,52.0,54.0,3.0,6.0,53.0,4.5,3
117,31,54.0,56.0,3.0,6.0,55.0,4.5,5
118,31,56.0,58.0,3.0,6.0,57.0,4.5,9
119,31,58.0,60.0,3.0,6.0,59.0,4.5,5
120,31,60.0,62.0,3.0,6.0,61.0,4.5,7
121,31,62.0,64.0,3.0,6.0,63.0,4.5,3
122,31,64.0,66.0,3.0,6.0,65.0,4.5,7
123,31,66.0,68.0,3.0,6.0,67.0,4.5,6
124,31,68.0,70.0,3.0,6.0,69.0,4.5,7
125,31,70.0,72.0,3.0,6.0,71.0,4.5,5
126,31,72.0,74.0,3.0,6.0,73.0,4.5,9
127,31,74.0,76.0,3.0,6.0,75.0,4.5,16
128,31,76.0,78.0,3.0,6.0,77.0,4.5,10
129,31,78.0,80.0,3.0,6.0,79.0,4.5,5
130,31,80.0,82.0,3.0,6.0,81.0,4.5,10
131,31,82.0,84.0,3.0,6.0,83.0,4.5,10
132,31,84.0,86.0,3.0,6.0,85.0,4.5,4
133,31,86.0,88.0,3.0,6.0,87.0,4.5,5
134,31,88.0,90.0,3.0,6.0,89.0,4.5,4
135,31,90.0,92.0,3.0,6.0,91.0,4.5,3
136,31,92.0,94.0,3.0,6.0,93.0,4.5,4
137,31,94.0,96.0,3.0,6.0,95.0,4.5,2
138,31,96.0,98.0,3.0,6.0,97.0,4.5,2
139,31,98.0,100.0,3.0,6.0,99.0,4.5,4
140,31,100.0,102.0,3.0,6.0,101.0,4.5,9
141,31,102.0,104.0,3.0,6.0,103.0,4.5,11
142,31,104.0,106.0,3.0,6.0,105.0,4.5,55
143,31,106.0,108.0,3.0,6.0,107.0,4.5,47
144,31,108.0,110.0,3.0,6.0,109.0,4.5,86
145,31,110.0,112.0,3.0,6.0,111.0,4.5,74
146,31,112.0,114.0,3.0,6.0,113.0,4.5,8
147,31,114.0,116.0,3.0,6.0,115.0,4.5,2
148,31,116.0,118.0,3.0,6.0,117.0,4.5,2
149,31,118.0,120.0,3.0,6.0,119.0,4.5,4
150,31,120.0,122.0,3.0,6.0,121.0,4.5,5
151,31,122.0,124.0,3.0,6.0,123.0,4.5,4
152,31,124.0,126.0,3.0,6.0,125.0,4.5,5
153,31,126.0,128.0,3.0,6.0,127.0,4.5,11
154,31,128.0,130.0,3.0,6.0,129.0,4.5,16
155,31,130.0,132.0,3.0,6.0,131.0,4.5,19
156,31,132.0,134.0,3.0,6.0,133.0,4.5,29
157,31,134.0,136.0,3.0,6.0,135.0,4.5,16
158,31,136.0,138.0,3.0,6.0,137.0,4.5,22
159,31,138.0,140.0,3.0,6.0,139.0,4.5,14
160,31,140.0,142.0,3.0,6.0,141.0,4.5,30
161,31,142.0,144.0,3.0,6.0,143.0,4.5,17
162,31,144.0,146.0,3.0,6.0,145.0,4.5,29
163,31,146.0,148.0,3.0,6.0,147.0,4.5,37
164,31,148.0,150.0,3.0,6.0,149.0,4.5,22
165,31,150.0,152.0,3.0,6.0,151.0,4.5,19
166,31,152.0,154.0,3.0,6.0,153.0,4.5,7
167,31,154.0,156.0,3.0,6.0,155.0,4.5,12
168,31,156.0,158.0,3.0,6.0,157.0,4.5,10
169,31,158.0,160.0,3.0,6.0,159.0,4.5,18
170,31,160.0,162.0,3.0,6.0,161.0,4.5,18
171,31,162.0,164.0,3.0,6.0,163.0,4.5,34
172,31,164.0,166.0,3.0,6.0,165.0,4.5,18
173,31,166.0,168.0,3.0,6.0,167.0,4.5,14
174,31,168.0,170.0,3.0,6.0,169.0,4.5,19
175,31,170.0,172.0,3.0,6.0,171.0,4.5,9
176,31,172.0,174.0,3.0,6.0,173.0,4.5,10
177,31,174.0,176.0,3.0,6.0,175.0,4.5,11
178,31,176.0,178.0,3.0,6.0,177.0,4.5,12
179,31,178.0,180.0,3.0,6.0,179.0,4.5,11
114,32,48.0,50.0,6.0,9.0,49.0,7.5,2
115,32,50.0,52.0,6.0,9.0,51.0,7.5,23
116,32,52.0,54.0,6.0,9.0,53.0,7.5,28
117,32,54.0,56.0,6.0,9.0,55.0,7.5,27
118,32,56.0,58.0,6.0,9.0,57.0,7.5,14
119,32,58.0,60.0,6.0,9.0,59.0,7.5,8
120,32,60.0,62.0,6.0,9.0,61.0,7.5,11
121,32,62.0,64.0,6.0,9.0,63.0,7.5,8
122,32,64.0,66.0,6.0,9.0,65.0,7.5,11
123,32,66.0,68.0,6.0,9.0,67.0,7.5,6
124,32,68.0,70.0,6.0,9.0,69.0,7.5,10
125,32,70.0,72.0,6.0,9.0,71.0,7.5,13
126,32,72.0,74.0,6.0,9.0,73.0,7.5,30
127,32,74.0,76.0,6.0,9.0,75.0,7.5,22
128,32,76.0,78.0,6.0,9.0,77.0,7.5,16
129,32,78.0,80.0,6.0,9.0,79.0,7.5,14
130,32,80.0,82.0,6.0,9.0,81.0,7.5,2
131,32,82.0,84.0,6.0,9.0,83.0,7.5,14
132,32,84.0,86.0,6.0,9.0,85.0,7.5,10
133,32,86.0,88.0,6.0,9.0,87.0,7.5,22
134,32,88.0,90.0,6.0,9.0,89.0,7.5,9
135,32,90.0,92.0,6.0,9.0,91.0,7.5,8
136,32,92.0,94.0,6.0,9.0,93.0,7.5,11
137,32,94.0,96.0,6.0,9.0,95.0,7.5,10
138,32,96.0,98.0,6.0,9.0,97.0,7.5,21
139,32,98.0,100.0,6.0,9.0,99.0,7.5,14
140,32,100.0,102.0,6.0,9.0,101.0,7.5,23
141,32,102.0,104.0,6.0,9.0,103.0,7.5,27
142,32,104.0,106.0,6.0,9.0,105.0,7.5,57
143,32,106.0,108.0,6.0,9.0,107.0,7.5,71
144,32,108.0,110.0,6.0,9.0,109.0,7.5,138
145,32,110.0,112.0,6.0,9.0,111.0,7.5,180
146,32,112.0,114.0,6.0,9.0,113.0,7.5,93
147,32,114.0,116.0,6.0,9.0,115.0,7.5,44
148,32,116.0,118.0,6.0,9.0,117.0,7.5,14
149,32,118.0,120.0,6.0,9.0,119.0,7.5,33
150,32,120.0,122.0,6.0,9.0,121.0,7.5,20
151,32,122.0,124.0,6.0,9.0,123.0,7.5,34
152,32,124.0,126.0,6.0,9.0,125.0,7.5,13
153,32,126.0,128.0,6.0,9.0,127.0,7.5,64
154,32,128.0,130.0,6.0,9.0,129.0,7.5,87
155,32,130.0,132.0,6.0,9.0,131.0,7.5,52
156,32,132.0,134.0,6.0,9.0,133.0,7.5,62
157,32,134.0,136.0,6.0,9.0,135.0,7.5,51
158,32,136.0,138.0,6.0,9.0,137.0,7.5,70
159,32,138.0,140.0,6.0,9.0,139.0,7.5,49
160,32,140.0,142.0,6.0,9.0,141.0,7.5,73
161,32,142.0,144.0,6.0,9.0,143.0,7.5,42
162,32,144.0,146.0,6.0,9.0,145.0,7.5,59
163,32,146.0,148.0,6.0,9.0,147.0,7.5,61
164,32,148.0,150.0,6.0,9.0,149.0,7.5,55
165,32,150.0,152.0,6.0,9.0,151.0,7.5,52
166,32,152.0,154.0,6.0,9.0,153.0,7.5,37
167,32,154.0,156.0,6.0,9.0,155.0,7.5,60
168,32,156.0,158.0,6.0,9.0,157.0,7.5,40
169,32,158.0,160.0,6.0,9.0,159.0,7.5,40
170,32,160.0,162.0,6.0,9.0,161.0,7.5,43
171,32,162.0,164.0,6.0,9.0,163.0,7.5,32
172,32,164.0,166.0,6.0,9.0,165.0,7.5,29
173,32,166.0,168.0,6.0,9.0,167.0,7.5,25
174,32,168.0,170.0,6.0,9.0,169.0,7.5,29
175,32,170.0,172.0,6.0,9.0,171.0,7.5,19
176,32,172.0,174.0,6.0,9.0,173.0,7.5,15
177,32,174.0,176.0,6.0,9.0,175.0,7.5,6
178,32,176.0,178.0,6.0,9.0,177.0,7.5,8
179,32,178.0,180.0,6.0,9.0,179.0,7.5,5
112,33,44.0,46.0,9.0,12.0,45.0,10.5,6
113,33,46.0,48.0,9.0,12.0,47.0,10.5,10
114,33,48.0,50.0,9.0,12.0,49.0,10.5,9
115,33,50.0,52.0,9.0,12.0,51.0,10.5,20
116,33,52.0,54.0,9.0,12.0,53.0,10.5,22
117,33,54.0,56.0,9.0,12.0,55.0,10.5,47
118,33,56.0,58.0,9.0,12.0,57.0,10.5,22
119,33,58.0,60.0,9.0,12.0,59.0,10.5,18
120,33,60.0,62.0,9.0,12.0,61.0,10.5,18
121,33,62.0,64.0,9.0,12.0,63.0,10.5,20
122,33,64.0,66.0,9.0,12.0,65.0,10.5,31
123,33,66.0,68.0,9.0,12.0,67.0,10.5,15
124,33,68.0,70.0,9.0,12.0,69.0,10.5,15
125,33,70.0,72.0,9.0,12.0,71.0,10.5,14
126,33,72.0,74.0,9.0,12.0,73.0,10.5,25
127,33,74.0,76.0,9.0,12.0,75.0,10.5,19
129,33,78.0,80.0,9.0,12.0,79.0,10.5,31
130,33,80.0,82.0,9.0,12.0,81.0,10.5,41
131,33,82.0,84.0,9.0,12.0,83.0,10.5,40
132,33,84.0,86.0,9.0,12.0,85.0,10.5,20
133,33,86.0,88.0,9.0,12.0,87.0,10.5,15
134,33,88.0,90.0,9.0,12.0,89.0,10.5,5
135,33,90.0,92.0,9.0,12.0,91.0,10.5,6
136,33,92.0,94.0,9.0,12.0,93.0,10.5,12
137,33,94.0,96.0,9.0,12.0,95.0,10.5,9
138,33,96.0,98.0,9.0,12.0,97.0,10.5,21
139,33,98.0,100.0,9.0,12.0,99.0,10.5,15
140,33,100.0,102.0,9.0,12.0,101.0,10.5,29
141,33,102.0,104.0,9.0,12.0,103.0,10.5,12
142,33,104.0,106.0,9.0,12.0,105.0,10.5,21
143,33,106.0,108.0,9.0,12.0,107.0,10.5,49
144,33,108.0,110.0,9.0,12.0,109.0,10.5,99
145,33,110.0,112.0,9.0,12.0,111.0,10.5,219
146,33,112.0,114.0,9.0,12.0,113.0,10.5,180
147,33,114.0,116.0,9.0,12.0,115.0,10.5,183
148,33,116.0,118.0,9.0,12.0,117.0,10.5,96
149,33,118.0,120.0,9.0,12.0,119.0,10.5,103
150,33,120.0,122.0,9.0,12.0,121.0,10.5,80
151,33,122.0,124.0,9.0,12.0,123.0,10.5,73
152,33,124.0,126.0,9.0,12.0,125.0,10.5,69
153,33,126.0,128.0,9.0,12.0,127.0,10.5,136
154,33,128.0,130.0,9.0,12.0,129.0,10.5,197
155,33,130.0,132.0,9.0,12.0,131.0,10.5,147
156,33,132.0,134.0,9.0,12.0,133.0,10.5,162
157,33,134.0,136.0,9.0,12.0,135.0,10.5,119
158,33,136.0,138.0,9.0,12.0,137.0,10.5,138
159,33,138.0,140.0,9.0,12.0,139.0,10.5,81
160,33,140.0,142.0,9.0,12.0,141.0,10.5,89
161,33,142.0,144.0,9.0,12.0,143.0,10.5,61
162,33,144.0,146.0,9.0,12.0,145.0,10.5,98
163,33,146.0,148.0,9.0,12.0,147.0,10.5,103
164,33,148.0,150.0,9.0,12.0,149.0,10.5,67
165,33,150.0,152.0,9.0,12.0,151.0,10.5,79
166,33,152.0,154.0,9.0,12.0,153.0,10.5,34
167,33,154.0,156.0,9.0,12.0,155.0,10.5,33
168,33,156.0,158.0,9.0,12.0,157.0,10.5,37
169,33,158.0,160.0,9.0,12.0,159.0,10.5,41
170,33,160.0,162.0,9.0,12.0,161.0,10.5,33
171,33,162.0,164.0,9.0,12.0,163.0,10.5,59
172,33,164.0,166.0,9.0,12.0,165.0,10.5,51
173,33,166.0,168.0,9.0,12.0,167.0,10.5,24
174,33,168.0,170.0,9.0,12.0,169.0,10.5,33
175,33,170.0,172.0,9.0,12.0,171.0,10.5,27
176,33,172.0,174.0,9.0,12.0,173.0,10.5,24
177,33,174.0,176.0,9.0,12.0,175.0,10.5,18
178,33,176.0,178.0,9.0,12.0,177.0,10.5,19
179,33,178.0,180.0,9.0,12.0,179.0,10.5,18
112,34,44.0,46.0,12.0,15.0,45.0,13.5,91
114,34,48.0,50.0,12.0,15.0,49.0,13.5,3
115,34,50.0,52.0,12.0,15.0,51.0,13.5,28
116,34,52.0,54.0,12.0,15.0,53.0,13.5,28
117,34,54.0,56.0,12.0,15.0,55.0,13.5,37
118,34,56.0,58.0,12.0,15.0,57.0,13.5,67
119,34,58.0,60.0,12.0,15.0,59.0,13.5,19
120,34,60.0,62.0,12.0,15.0,61.0,13.5,29
121,34,62.0,64.0,12.0,15.0,63.0,13.5,39
122,34,64.0,66.0,12.0,15.0,65.0,13.5,29
123,34,66.0,68.0,12.0,15.0,67.0,13.5,16
124,34,68.0,70.0,12.0,15.0,69.0,13.5,38
125,34,70.0,72.0,12.0,15.0,71.0,13.5,18
126,34,72.0,74.0,12.0,15.0,73.0,13.5,29
127,34,74.0,76.0,12.0,15.0,75.0,13.5,10
128,34,76.0,78.0,12.0,15.0,77.0,13.5,10
129,34,78.0,80.0,12.0,15.0,79.0,13.5,45
130,34,80.0,82.0,12.0,15.0,81.0,13.5,65
131,34,82.0,84.0,12.0,15.0,83.0,13.5,105
132,34,84.0,86.0,12.0,15.0,85.0,13.5,29
133,34,86.0,88.0,12.0,15.0,87.0,13.5,30
134,34,88.0,90.0,12.0,15.0,89.0,13.5,18
135,34,90.0,92.0,12.0,15.0,91.0,13.5,23
136,34,92.0,94.0,12.0,15.0,93.0,13.5,39
137,34,94.0,96.0,12.0,15.0,95.0,13.5,36
138,34,96.0,98.0,12.0,15.0,97.0,13.5,20
139,34,98.0,100.0,12.0,15.0,99.0,13.5,3
140,34,100.0,102.0,12.0,15.0,101.0,13.5,25
141,34,102.0,104.0,12.0,15.0,103.0,13.5,16
142,34,104.0,106.0,12.0,15.0,105.0,13.5,34
143,34,106.0,108.0,12.0,15.0,107.0,13.5,35
144,34,108.0,110.0,12.0,15.0,109.0,13.5,101
145,34,110.0,112.0,12.0,15.0,111.0,13.5,352
146,34,112.0,114.0,12.0,15.0,113.0,13.5,346
147,34,114.0,116.0,12.0,15.0,115.0,13.5,414
148,34,116.0,118.0,12.0,15.0,117.0,13.5,208
149,34,118.0,120.0,12.0,15.0,119.0,13.5,190
150,34,120.0,122.0,12.0,15.0,121.0,13.5,93
151,34,122.0,124.0,12.0,15.0,123.0,13.5,218
152,34,124.0,126.0,12.0,15.0,125.0,13.5,192
153,34,126.0,128.0,12.0,15.0,127.0,13.5,310
154,34,128.0,130.0,12.0,15.0,129.0,13.5,300
155,34,130.0,132.0,12.0,15.0,131.0,13.5,202
156,34,132.0,134.0,12.0,15.0,133.0,13.5,243
157,34,134.0,136.0,12.0,15.0,135.0,13.5,160
158,34,136.0,138.0,12.0,15.0,137.0,13.5,175
159,34,138.0,140.0,12.0,15.0,139.0,13.5,112
160,34,140.0,142.0,12.0,15.0,141.0,13.5,157
161,34,142.0,144.0,12.0,15.0,143.0,13.5,112
162,34,144.0,146.0,12.0,15.0,145.0,13.5,126
163,34,146.0,148.0,12.0,15.0,147.0,13.5,147
164,34,148.0,150.0,12.0,15.0,149.0,13.5,86
165,34,150.0,152.0,12.0,15.0,151.0,13.5,122
166,34,152.0,154.0,12.0,15.0,153.0,13.5,70
167,34,154.0,156.0,12.0,15.0,155.0,13.5,93
168,34,156.0,158.0,12.0,15.0,157.0,13.5,51
169,34,158.0,160.0,12.0,15.0,159.0,13.5,73
170,34,160.0,162.0,12.0,15.0,161.0,13.5,52
171,34,162.0,164.0,12.0,15.0,163.0,13.5,70
172,34,164.0,166.0,12.0,15.0,165.0,13.5,46
173,34,166.0,168.0,12.0,15.0,167.0,13.5,40
174,34,168.0,170.0,12.0,15.0,169.0,13.5,43
175,34,170.0,172.0,12.0,15.0,171.0,13.5,27
176,34,172.0,174.0,12.0,15.0,173.0,13.5,34
177,34,174.0,176.0,12.0,15.0,175.0,13.5,26
178,34,176.0,178.0,12.0,15.0,177.0,13.5,29
179,34,178.0,180.0,12.0,15.0,179.0,13.5,25
111,35,42.0,44.0,15.0,18.0,43.0,16.5,1
112,35,44.0,46.0,15.0,18.0,45.0,16.5,3
113,35,46.0,48.0,15.0,18.0,47.0,16.5,3
114,35,48.0,50.0,15.0,18.0,49.0,16.5,9
115,35,50.0,52.0,15.0,18.0,51.0,16.5,14
116,35,52.0,54.0,15.0,18.0,53.0,16.5,13
117,35,54.0,56.0,15.0,18.0,55.0,16.5,30
118,35,56.0,58.0,15.0,18.0,57.0,16.5,59
119,35,58.0,60.0,15.0,18.0,59.0,16.5,38
120,35,60.0,62.0,15.0,18.0,61.0,16.5,43
121,35,62.0,64.0,15.0,18.0,63.0,16.5,42
122,35,64.0,66.0,15.0,18.0,65.0,16.5,29
123,35,66.0,68.0,15.0,18.0,67.0,16.5,15
124,35,68.0,70.0,15.0,18.0,69.0,16.5,17
125,35,70.0,72.0,15.0,18.0,71.0,16.5,8
126,35,72.0,74.0,15.0,18.0,73.0,16.5,17
127,35,74.0,76.0,15.0,18.0,75.0,16.5,16
128,35,76.0,78.0,15.0,18.0,77.0,16.5,14
129,35,78.0,80.0,15.0,18.0,79.0,16.5,24
130,35,80.0,82.0,15.0,18.0,81.0,16.5,52
131,35,82.0,84.0,15.0,18.0,83.0,16.5,114
132,35,84.0,86.0,15.0,18.0,85.0,16.5,37
133,35,86.0,88.0,15.0,18.0,87.0,16.5,26
134,35,88.0,90.0,15.0,18.0,89.0,16.5,12
135,35,90.0,92.0,15.0,18.0,91.0,16.5,25
136,35,92.0,94.0,15.0,18.0,93.0,16.5,38
137,35,94.0,96.0,15.0,18.0,95.0,16.5,8
138,35,96.0,98.0,15.0,18.0,97.0,16.5,6
139,35,98.0,100.0,15.0,18.0,99.0,16.5,1
140,35,100.0,102.0,15.0,18.0,101.0,16.5,1
141,35,102.0,104.0,15.0,18.0,103.0,16.5,15
142,35,104.0,106.0,15.0,18.0,105.0,16.5,55
143,35,106.0,108.0,15.0,18.0,107.0,16.5,80
144,35,108.0,110.0,15.0,18.0,109.0,16.5,230
145,35,110.0,112.0,15.0,18.0,111.0,16.5,284
146,35,112.0,114.0,15.0,18.0,113.0,16.5,236
147,35,114.0,116.0,15.0,18.0,115.0,16.5,398
148,35,116.0,118.0,15.0,18.0,117.0,16.5,222
149,35,118.0,120.0,15.0,18.0,119.0,16.5,313
150,35,120.0,122.0,15.0,18.0,121.0,16.5,88
151,35,122.0,124.0,15.0,18.0,123.0,16.5,246
152,35,124.0,126.0,15.0,18.0,125.0,16.5,217
153,35,126.0,128.0,15.0,18.0,127.0,16.5,324
154,35,128.0,130.0,15.0,18.0,129.0,16.5,314
155,35,130.0,132.0,15.0,18.0,131.0,16.5,232
156,35,132.0,134.0,15.0,18.0,133.0,16.5,234
157,35,134.0,136.0,15.0,18.0,135.0,16.5,166
158,35,136.0,138.0,15.0,18.0,137.0,16.5,202
159,35,138.0,140.0,15.0,18.0,139.0,16.5,145
160,35,140.0,142.0,15.0,18.0,141.0,16.5,186
161,35,142.0,144.0,15.0,18.0,143.0,16.5,118
162,35,144.0,146.0,15.0,18.0,145.0,16.5,153
163,35,146.0,148.0,15.0,18.0,147.0,16.5,152
164,35,148.0,150.0,15.0,18.0,149.0,16.5,87
165,35,150.0,152.0,15.0,18.0,151.0,16.5,113
166,35,152.0,154.0,15.0,18.0,153.0,16.5,65
167,35,154.0,156.0,15.0,18.0,155.0,16.5,98
168,35,156.0,158.0,15.0,18.0,157.0,16.5,50
169,35,158.0,160.0,15.0,18.0,159.0,16.5,72
170,35,160.0,162.0,15.0,18.0,161.0,16.5,60
171,35,162.0,164.0,15.0,18.0,163.0,16.5,63
172,35,164.0,166.0,15.0,18.0,165.0,16.5,63
173,35,166.0,168.0,15.0,18.0,167.0,16.5,46
174,35,168.0,170.0,15.0,18.0,169.0,16.5,72
175,35,170.0,172.0,15.0,18.0,171.0,16.5,37
176,35,172.0,174.0,15.0,18.0,173.0,16.5,41
177,35,174.0,176.0,15.0,18.0,175.0,16.5,22
178,35,176.0,178.0,15.0,18.0,177.0,16.5,34
179,35,178.0,180.0,15.0,18.0,179.0,16.5,27
108,36,36.0,38.0,18.0,21.0,37.0,19.5,2
109,36,38.0,40.0,18.0,21.0,39.0,19.5,2
111,36,42.0,44.0,18.0,21.0,43.0,19.5,1
112,36,44.0,46.0,18.0,21.0,45.0,19.5,4
113,36,46.0,48.0,18.0,21.0,47.0,19.5,17
114,36,48.0,50.0,18.0,21.0,49.0,19.5,14
115,36,50.0,52.0,18.0,21.0,51.0,19.5,17
116,36,52.0,54.0,18.0,21.0,53.0,19.5,14
117,36,54.0,56.0,18.0,21.0,55.0,19.5,21
118,36,56.0,58.0,18.0,21.0,57.0,19.5,40
119,36,58.0,60.0,18.0,21.0,59.0,19.5,42
120,36,60.0,62.0,18.0,21.0,61.0,19.5,49
121,36,62.0,64.0,18.0,21.0,63.0,19.5,47
122,36,64.0,66.0,18.0,21.0,65.0,19.5,46
123,36,66.0,68.0,18.0,21.0,67.0,19.5,55
124,36,68.0,70.0,18.0,21.0,69.0,19.5,72
125,36,70.0,72.0,18.0,21.0,71.0,19.5,70
126,36,72.0,74.0,18.0,21.0,73.0,19.5,49
127,36,74.0,76.0,18.0,21.0,75.0,19.5,3
128,36,76.0,78.0,18.0,21.0,77.0,19.5,11
129,36,78.0,80.0,18.0,21.0,79.0,19.5,23
130,36,80.0,82.0,18.0,21.0,81.0,19.5,14
131,36,82.0,84.0,18.0,21.0,83.0,19.5,32
132,36,84.0,86.0,18.0,21.0,85.0,19.5,45
133,36,86.0,88.0,18.0,21.0,87.0,19.5,133
134,36,88.0,90.0,18.0,21.0,89.0,19.5,39
135,36,90.0,92.0,18.0,21.0,91.0,19.5,79
136,36,92.0,94.0,18.0,21.0,93.0,19.5,13
137,36,94.0,96.0,18.0,21.0,95.0,19.5,4
138,36,96.0,98.0,18.0,21.0,97.0,19.5,1
140,36,100.0,102.0,18.0,21.0,101.0,19.5,1
141,36,102.0,104.0,18.0,21.0,103.0,19.5,1
142,36,104.0,106.0,18.0,21.0,105.0,19.5,44
143,36,106.0,108.0,18.0,21.0,107.0,19.5,149
144,36,108.0,110.0,18.0,21.0,109.0,19.5,239
145,36,110.0,112.0,18.0,21.0,111.0,19.5,202
146,36,112.0,114.0,18.0,21.0,113.0,19.5,179
147,36,114.0,116.0,18.0,21.0,115.0,19.5,243
148,36,116.0,118.0,18.0,21.0,117.0,19.5,189
149,36,118.0,120.0,18.0,21.0,119.0,19.5,248
150,36,120.0,122.0,18.0,21.0,121.0,19.5,158
151,36,122.0,124.0,18.0,21.0,123.0,19.5,259
152,36,124.0,126.0,18.0,21.0,125.0,19.5,221
153,36,126.0,128.0,18.0,21.0,127.0,19.5,330
154,36,128.0,130.0,18.0,21.0,129.0,19.5,360
155,36,130.0,132.0,18.0,21.0,131.0,19.5,243
156,36,132.0,134.0,18.0,21.0,133.0,19.5,260
157,36,134.0,136.0,18.0,21.0,135.0,19.5,214
158,36,136.0,138.0,18.0,21.0,137.0,19.5,191
159,36,138.0,140.0,18.0,21.0,139.0,19.5,162
160,36,140.0,142.0,18.0,21.0,141.0,19.5,209
161,36,142.0,144.0,18.0,21.0,143.0,19.5,186
162,36,144.0,146.0,18.0,21.0,145.0,19.5,182
163,36,146.0,148.0,18.0,21.0,147.0,19.5,109
164,36,148.0,150.0,18.0,21.0,149.0,19.5,108
165,36,150.0,152.0,18.0,21.0,151.0,19.5,132
166,36,152.0,154.0,18.0,21.0,153.0,19.5,99
167,36,154.0,156.0,18.0,21.0,155.0,19.5,122
168,36,156.0,158.0,18.0,21.0,157.0,19.5,78
169,36,158.0,160.0,18.0,21.0,159.0,19.5,62
170,36,160.0,162.0,18.0,21.0,161.0,19.5,47
171,36,162.0,164.0,18.0,21.0,163.0,19.5,71
172,36,164.0,166.0,18.0,21.0,165.0,19.5,63
173,36,166.0,168.0,18.0,21.0,167.0,19.5,26
174,36,168.0,170.0,18.0,21.0,169.0,19.5,39
175,36,170.0,172.0,18.0,21.0,171.0,19.5,21
176,36,172.0,174.0,18.0,21.0,173.0,19.5,33
177,36,174.0,176.0,18.0,21.0,175.0,19.5,19
178,36,176.0,178.0,18.0,21.0,177.0,19.5,20
179,36,178.0,180.0,18.0,21.0,179.0,19.5,19
106,37,32.0,34.0,21.0,24.0,33.0,22.5,3
107,37,34.0,36.0,21.0,24.0,35.0,22.5,2
108,37,36.0,38.0,21.0,24.0,37.0,22.5,1
113,37,46.0,48.0,21.0,24.0,47.0,22.5,1
114,37,48.0,50.0,21.0,24.0,49.0,22.5,3
115,37,50.0,52.0,21.0,24.0,51.0,22.5,12
116,37,52.0,54.0,21.0,24.0,53.0,22.5,15
117,37,54.0,56.0,21.0,24.0,55.0,22.5,23
118,37,56.0,58.0,21.0,24.0,57.0,22.5,19
119,37,58.0,60.0,21.0,24.0,59.0,22.5,26
120,37,60.0,62.0,21.0,24.0,61.0,22.5,108
121,37,62.0,64.0,21.0,24.0,63.0,22.5,103
122,37,64.0,66.0,21.0,24.0,65.0,22.5,183
123,37,66.0,68.0,21.0,24.0,67.0,22.5,164
124,37,68.0,70.0,21.0,24.0,69.0,22.5,127
125,37,70.0,72.0,21.0,24.0,71.0,22.5,37
126,37,72.0,74.0,21.0,24.0,73.0,22.5,43
127,37,74.0,76.0,21.0,24.0,75.0,22.5,16
128,37,76.0,78.0,21.0,24.0,77.0,22.5,7
129,37,78.0,80.0,21.0,24.0,79.0,22.5,7
130,37,80.0,82.0,21.0,24.0,81.0,22.5,10
131,37,82.0,84.0,21.0,24.0,83.0,22.5,16
132,37,84.0,86.0,21.0,24.0,85.0,22.5,28
133,37,86.0,88.0,21.0,24.0,87.0,22.5,55
134,37,88.0,90.0,21.0,24.0,89.0,22.5,77
135,37,90.0,92.0,21.0,24.0,91.0,22.5,60
136,37,92.0,94.0,21.0,24.0,93.0,22.5,14
137,37,94.0,96.0,21.0,24.0,95.0,22.5,9
141,37,102.0,104.0,21.0,24.0,103.0,22.5,1
142,37,104.0,106.0,21.0,24.0,105.0,22.5,8
143,37,106.0,108.0,21.0,24.0,107.0,22.5,24
144,37,108.0,110.0,21.0,24.0,109.0,22.5,53
145,37,110.0,112.0,21.0,24.0,111.0,22.5,65
146,37,112.0,114.0,21.0,24.0,113.0,22.5,39
147,37,114.0,116.0,21.0,24.0,115.0,22.5,116
148,37,116.0,118.0,21.0,24.0,117.0,22.5,120
149,37,118.0,120.0,21.0,24.0,119.0,22.5,198
150,37,120.0,122.0,21.0,24.0,121.0,22.5,88
151,37,122.0,124.0,21.0,24.0,123.0,22.5,214
152,37,124.0,126.0,21.0,24.0,125.0,22.5,209
153,37,126.0,128.0,21.0,24.0,127.0,22.5,302
154,37,128.0,130.0,21.0,24.0,129.0,22.5,317
155,37,130.0,132.0,21.0,24.0,131.0,22.5,204
156,37,132.0,134.0,21.0,24.0,133.0,22.5,289
157,37,134.0,136.0,21.0,24.0,135.0,22.5,238
158,37,136.0,138.0,21.0,24.0,137.0,22.5,260
159,37,138.0,140.0,21.0,24.0,139.0,22.5,188
160,37,140.0,142.0,21.0,24.0,141.0,22.5,225
161,37,142.0,144.0,21.0,24.0,143.0,22.5,145
162,37,144.0,146.0,21.0,24.0,145.0,22.5,181
163,37,146.0,148.0,21.0,24.0,147.0,22.5,164
164,37,148.0,150.0,21.0,24.0,149.0,22.5,134
165,37,150.0,152.0,21.0,24.0,151.0,22.5,168
166,37,152.0,154.0,21.0,24.0,153.0,22.5,85
167,37,154.0,156.0,21.0,24.0,155.0,22.5,112
168,37,156.0,158.0,21.0,24.0,157.0,22.5,64
169,37,158.0,160.0,21.0,24.0,159.0,22.5,81
170,37,160.0,162.0,21.0,24.0,161.0,22.5,70
171,37,162.0,164.0,21.0,24.0,163.0,22.5,57
172,37,164.0,166.0,21.0,24.0,165.0,22.5,43
173,37,166.0,168.0,21.0,24.0,167.0,22.5,31
174,37,168.0,170.0,21.0,24.0,169.0,22.5,40
175,37,170.0,172.0,21.0,24.0,171.0,22.5,36
176,37,172.0,174.0,21.0,24.0,173.0,22.5,29
177,37,174.0,176.0,21.0,24.0,175.0,22.5,21
178,37,176.0,178.0,21.0,24.0,177.0,22.5,11
179,37,178.0,180.0,21.0,24.0,179.0,22.5,18
105,38,30.0,32.0,24.0,27.0,31.0,25.5,4
106,38,32.0,34.0,24.0,27.0,33.0,25.5,1
117,38,54.0,56.0,24.0,27.0,55.0,25.5,7
118,38,56.0,58.0,24.0,27.0,57.0,25.5,11
119,38,58.0,60.0,24.0,27.0,59.0,25.5,13
120,38,60.0,62.0,24.0,27.0,61.0,25.5,17
121,38,62.0,64.0,24.0,27.0,63.0,25.5,25
122,38,64.0,66.0,24.0,27.0,65.0,25.5,25
123,38,66.0,68.0,24.0,27.0,67.0,25.5,6
124,38,68.0,70.0,24.0,27.0,69.0,25.5,5
125,38,70.0,72.0,24.0,27.0,71.0,25.5,6
131,38,82.0,84.0,24.0,27.0,83.0,25.5,2
132,38,84.0,86.0,24.0,27.0,85.0,25.5,4
133,38,86.0,88.0,24.0,27.0,87.0,25.5,6
134,38,88.0,90.0,24.0,27.0,89.0,25.5,6
135,38,90.0,92.0,24.0,27.0,91.0,25.5,6
136,38,92.0,94.0,24.0,27.0,93.0,25.5,3
144,38,108.0,110.0,24.0,27.0,109.0,25.5,2
145,38,110.0,112.0,24.0,27.0,111.0,25.5,2
147,38,114.0,116.0,24.0,27.0,115.0,25.5,18
148,38,116.0,118.0,24.0,27.0,117.0,25.5,17
149,38,118.0,120.0,24.0,27.0,119.0,25.5,71
150,38,120.0,122.0,24.0,27.0,121.0,25.5,59
151,38,122.0,124.0,24.0,27.0,123.0,25.5,139
152,38,124.0,126.0,24.0,27.0,125.0,25.5,171
153,38,126.0,128.0,24.0,27.0,127.0,25.5,187
154,38,128.0,130.0,24.0,27.0,129.0,25.5,167
155,38,130.0,132.0,24.0,27.0,131.0,25.5,156
156,38,132.0,134.0,24.0,27.0,133.0,25.5,144
157,38,134.0,136.0,24.0,27.0,135.0,25.5,109
158,38,136.0,138.0,24.0,27.0,137.0,25.5,123
159,38,138.0,140.0,24.0,27.0,139.0,25.5,129
160,38,140.0,142.0,24.0,27.0,141.0,25.5,149
161,38,142.0,144.0,24.0,27.0,143.0,25.5,83
162,38,144.0,146.0,24.0,27.0,145.0,25.5,125
163,38,146.0,148.0,24.0,27.0,147.0,25.5,147
164,38,148.0,150.0,24.0,27.0,149.0,25.5,82
165,38,150.0,152.0,24.0,27.0,151.0,25.5,110
166,38,152.0,154.0,24.0,27.0,153.0,25.5,67
167,38,154.0,156.0,24.0,27.0,155.0,25.5,43
168,38,156.0,158.0,24.0,27.0,157.0,25.5,41
169,38,158.0,160.0,24.0,27.0,159.0,25.5,48
170,38,160.0,162.0,24.0,27.0,161.0,25.5,25
171,38,162.0,164.0,24.0,27.0,163.0,25.5,54
172,38,164.0,166.0,24.0,27.0,165.0,25.5,37
173,38,166.0,168.0,24.0,27.0,167.0,25.5,14
174,38,168.0,170.0,24.0,27.0,169.0,25.5,12
175,38,170.0,172.0,24.0,27.0,171.0,25.5,9
176,38,172.0,174.0,24.0,27.0,173.0,25.5,20
177,38,174.0,176.0,24.0,27.0,175.0,25.5,9
178,38,176.0,178.0,24.0,27.0,177.0,25.5,11
179,38,178.0,180.0,24.0,27.0,179.0,25.5,10
118,39,56.0,58.0,27.0,30.0,57.0,28.5,1
119,39,58.0,60.0,27.0,30.0,59.0,28.5,1
120,39,60.0,62.0,27.0,30.0,61.0,28.5,1
121,39,62.0,64.0,27.0,30.0,63.0,28.5,3
122,39,64.0,66.0,27.0,30.0,65.0,28.5,1
123,39,66.0,68.0,27.0,30.0,67.0,28.5,2
124,39,68.0,70.0,27.0,30.0,69.0,28.5,3
125,39,70.0,72.0,27.0,30.0,71.0,28.5,1
126,39,72.0,74.0,27.0,30.0,73.0,28.5,3
145,39,110.0,112.0,27.0,30.0,111.0,28.5,2
146,39,112.0,114.0,27.0,30.0,113.0,28.5,2
147,39,114.0,116.0,27.0,30.0,115.0,28.5,7
148,39,116.0,118.0,27.0,30.0,117.0,28.5,8
149,39,118.0,120.0,27.0,30.0,119.0,28.5,11
150,39,120.0,122.0,27.0,30.0,121.0,28.5,31
151,39,122.0,124.0,27.0,30.0,123.0,28.5,62
152,39,124.0,126.0,27.0,30.0,125.0,28.5,60
153,39,126.0,128.0,27.0,30.0,127.0,28.5,97
154,39,128.0,130.0,27.0,30.0,129.0,28.5,122
155,39,130.0,132.0,27.0,30.0,131.0,28.5,118
156,39,132.0,134.0,27.0,30.0,133.0,28.5,107
157,39,134.0,136.0,27.0,30.0,135.0,28.5,72
158,39,136.0,138.0,27.0,30.0,137.0,28.5,95
159,39,138.0,140.0,27.0,30.0,139.0,28.5,77
160,39,140.0,142.0,27.0,30.0,141.0,28.5,86
161,39,142.0,144.0,27.0,30.0,143.0,28.5,84
162,39,144.0,146.0,27.0,30.0,145.0,28.5,98
163,39,146.0,148.0,27.0,30.0,147.0,28.5,93
164,39,148.0,150.0,27.0,30.0,149.0,28.5,53
165,39,150.0,152.0,27.0,30.0,151.0,28.5,85
166,39,152.0,154.0,27.0,30.0,153.0,28.5,34
167,39,154.0,156.0,27.0,30.0,155.0,28.5,57
168,39,156.0,158.0,27.0,30.0,157.0,28.5,36
169,39,158.0,160.0,27.0,30.0,159.0,28.5,54
170,39,160.0,162.0,27.0,30.0,161.0,28.5,42
171,39,162.0,164.0,27.0,30.0,163.0,28.5,24
172,39,164.0,166.0,27.0,30.0,165.0,28.5,37
173,39,166.0,168.0,27.0,30.0,167.0,28.5,21
174,39,168.0,170.0,27.0,30.0,169.0,28.5,20
175,39,170.0,172.0,27.0,30.0,171.0,28.5,19
176,39,172.0,174.0,27.0,30.0,173.0,28.5,27
177,39,174.0,176.0,27.0,30.0,175.0,28.5,11
178,39,176.0,178.0,27.0,30.0,177.0,28.5,10
179,39,178.0,180.0,27.0,30.0,179.0,28.5,5
121,40,62.0,64.0,30.0,33.0,63.0,31.5,1
126,40,72.0,74.0,30.0,33.0,73.0,31.5,1
147,40,114.0,116.0,30.0,33.0,115.0,31.5,1
148,40,116.0,118.0,30.0,33.0,117.0,31.5,4
149,40,118.0,120.0,30.0,33.0,119.0,31.5,15
150,40,120.0,122.0,30.0,33.0,121.0,31.5,16
151,40,122.0,124.0,30.0,33.0,123.0,31.5,23
152,40,124.0,126.0,30.0,33.0,125.0,31.5,35
153,40,126.0,128.0,30.0,33.0,127.0,31.5,54
154,40,128.0,130.0,30.0,33.0,129.0,31.5,55
155,40,130.0,132.0,30.0,33.0,131.0,31.5,43
156,40,132.0,134.0,30.0,33.0,133.0,31.5,70
157,40,134.0,136.0,30.0,33.0,135.0,31.5,71
158,40,136.0,138.0,30.0,33.0,137.0,31.5,85
159,40,138.0,140.0,30.0,33.0,139.0,31.5,44
160,40,140.0,142.0,30.0,33.0,141.0,31.5,89
161,40,142.0,144.0,30.0,33.0,143.0,31.5,59
162,40,144.0,146.0,30.0,33.0,145.0,31.5,58
163,40,146.0,148.0,30.0,33.0,147.0,31.5,65
164,40,148.0,150.0,30.0,33.0,149.0,31.5,35
165,40,150.0,152.0,30.0,33.0,151.0,31.5,47
166,40,152.0,154.0,30.0,33.0,153.0,31.5,38
167,40,154.0,156.0,30.0,33.0,155.0,31.5,46
168,40,156.0,158.0,30.0,33.0,157.0,31.5,43
169,40,158.0,160.0,30.0,33.0,159.0,31.5,35
170,40,160.0,162.0,30.0,33.0,161.0,31.5,28
171,40,162.0,164.0,30.0,33.0,163.0,31.5,33
172,40,164.0,166.0,30.0,33.0,165.0,31.5,23
173,40,166.0,168.0,30.0,33.0,167.0,31.5,13
174,40,168.0,170.0,30.0,33.0,169.0,31.5,9
175,40,170.0,172.0,30.0,33.0,171.0,31.5,10
176,40,172.0,174.0,30.0,33.0,173.0,31.5,13
177,40,174.0,176.0,30.0,33.0,175.0,31.5,7
178,40,176.0,178.0,30.0,33.0,177.0,31.5,8
179,40,178.0,180.0,30.0,33.0,179.0,31.5,11
149,41,118.0,120.0,33.0,36.0,119.0,34.5,5
150,41,120.0,122.0,33.0,36.0,121.0,34.5,1
151,41,122.0,124.0,33.0,36.0,123.0,34.5,7
152,41,124.0,126.0,33.0,36.0,125.0,34.5,17
153,41,126.0,128.0,33.0,36.0,127.0,34.5,30
154,41,128.0,130.0,33.0,36.0,129.0,34.5,26
155,41,130.0,132.0,33.0,36.0,131.0,34.5,22
156,41,132.0,134.0,33.0,36.0,133.0,34.5,15
157,41,134.0,136.0,33.0,36.0,135.0,34.5,18
158,41,136.0,138.0,33.0,36.0,137.0,34.5,21
159,41,138.0,140.0,33.0,36.0,139.0,34.5,22
160,41,140.0,142.0,33.0,36.0,141.0,34.5,47
161,41,142.0,144.0,33.0,36.0,143.0,34.5,34
162,41,144.0,146.0,33.0,36.0,145.0,34.5,32
163,41,146.0,148.0,33.0,36.0,147.0,34.5,36
164,41,148.0,150.0,33.0,36.0,149.0,34.5,29
165,41,150.0,152.0,33.0,36.0,151.0,34.5,24
166,41,152.0,154.0,33.0,36.0,153.0,34.5,24
167,41,154.0,156.0,33.0,36.0,155.0,34.5,37
168,41,156.0,158.0,33.0,36.0,157.0,34.5,21
169,41,158.0,160.0,33.0,36.0,159.0,34.5,28
170,41,160.0,162.0,33.0,36.0,161.0,34.5,10
171,41,162.0,164.0,33.0,36.0,163.0,34.5,9
172,41,164.0,166.0,33.0,36.0,165.0,34.5,20
173,41,166.0,168.0,33.0,36.0,167.0,34.5,10
174,41,168.0,170.0,33.0,36.0,169.0,34.5,10
175,41,170.0,172.0,33.0,36.0,171.0,34.5,9
176,41,172.0,174.0,33.0,36.0,173.0,34.5,10
177,41,174.0,176.0,33.0,36.0,175.0,34.5,6
179,41,178.0,180.0,33.0,36.0,179.0,34.5,2
150,42,120.0,122.0,36.0,39.0,121.0,37.5,2
151,42,122.0,124.0,36.0,39.0,123.0,37.5,7
152,42,124.0,126.0,36.0,39.0,125.0,37.5,7
153,42,126.0,128.0,36.0,39.0,127.0,37.5,13
154,42,128.0,130.0,36.0,39.0,129.0,37.5,9
155,42,130.0,132.0,36.0,39.0,131.0,37.5,9
156,42,132.0,134.0,36.0,39.0,133.0,37.5,17
157,42,134.0,136.0,36.0,39.0,135.0,37.5,12
158,42,136.0,138.0,36.0,39.0,137.0,37.5,9
159,42,138.0,140.0,36.0,39.0,139.0,37.5,8
160,42,140.0,142.0,36.0,39.0,141.0,37.5,24
161,42,142.0,144.0,36.0,39.0,143.0,37.5,12
162,42,144.0,146.0,36.0,39.0,145.0,37.5,18
163,42,146.0,148.0,36.0,39.0,147.0,37.5,33
164,42,148.0,150.0,36.0,39.0,149.0,37.5,18
165,42,150.0,152.0,36.0,39.0,151.0,37.5,28
166,42,152.0,154.0,36.0,39.0,153.0,37.5,12
167,42,154.0,156.0,36.0,39.0,155.0,37.5,15
168,42,156.0,158.0,36.0,39.0,157.0,37.5,14
169,42,158.0,160.0,36.0,39.0,159.0,37.5,16
170,42,160.0,162.0,36.0,39.0,161.0,37.5,11
171,42,162.0,164.0,36.0,39.0,163.0,37.5,9
172,42,164.0,166.0,36.0,39.0,165.0,37.5,9
173,42,166.0,168.0,36.0,39.0,167.0,37.5,8
174,42,168.0,170.0,36.0,39.0,169.0,37.5,4
175,42,170.0,172.0,36.0,39.0,171.0,37.5,4
176,42,172.0,174.0,36.0,39.0,173.0,37.5,3
177,42,174.0,176.0,36.0,39.0,175.0,37.5,8
178,42,176.0,178.0,36.0,39.0,177.0,37.5,1
179,42,178.0,180.0,36.0,39.0,179.0,37.5,2
153,43,126.0,128.0,39.0,42.0,127.0,40.5,2
154,43,128.0,130.0,39.0,42.0,129.0,40.5,1
155,43,130.0,132.0,39.0,42.0,131.0,40.5,7
156,43,132.0,134.0,39.0,42.0,133.0,40.5,14
157,43,134.0,136.0,39.0,42.0,135.0,40.5,13
158,43,136.0,138.0,39.0,42.0,137.0,40.5,10
159,43,138.0,140.0,39.0,42.0,139.0,40.5,6
160,43,140.0,142.0,39.0,42.0,141.0,40.5,5
161,43,142.0,144.0,39.0,42.0,143.0,40.5,12
162,43,144.0,146.0,39.0,42.0,145.0,40.5,13
163,43,146.0,148.0,39.0,42.0,147.0,40.5,18
164,43,148.0,150.0,39.0,42.0,149.0,40.5,14
165,43,150.0,152.0,39.0,42.0,151.0,40.5,18
166,43,152.0,154.0,39.0,42.0,153.0,40.5,13
167,43,154.0,156.0,39.0,42.0,155.0,40.5,15
168,43,156.0,158.0,39.0,42.0,157.0,40.5,7
169,43,158.0,160.0,39.0,42.0,159.0,40.5,3
170,43,160.0,162.0,39.0,42.0,161.0,40.5,3
171,43,162.0,164.0,39.0,42.0,163.0,40.5,2
172,43,164.0,166.0,39.0,42.0,165.0,40.5,5
173,43,166.0,168.0,39.0,42.0,167.0,40.5,2
174,43,168.0,170.0,39.0,42.0,169.0,40.5,4
175,43,170.0,172.0,39.0,42.0,171.0,40.5,2
176,43,172.0,174.0,39.0,42.0,173.0,40.5,4
177,43,174.0,176.0,39.0,42.0,175.0,40.5,4
178,43,176.0,178.0,39.0,42.0,177.0,40.5,2
157,44,134.0,136.0,42.0,45.0,135.0,43.5,2
158,44,136.0,138.0,42.0,45.0,137.0,43.5,1
159,44,138.0,140.0,42.0,45.0,139.0,43.5,2
160,44,140.0,142.0,42.0,45.0,141.0,43.5,6
161,44,142.0,144.0,42.0,45.0,143.0,43.5,1
162,44,144.0,146.0,42.0,45.0,145.0,43.5,8
163,44,146.0,148.0,42.0,45.0,147.0,43.5,6
164,44,148.0,150.0,42.0,45.0,149.0,43.5,7
165,44,150.0,152.0,42.0,45.0,151.0,43.5,9
166,44,152.0,154.0,42.0,45.0,153.0,43.5,11
167,44,154.0,156.0,42.0,45.0,155.0,43.5,8
168,44,156.0,158.0,42.0,45.0,157.0,43.5,5
169,44,158.0,160.0,42.0,45.0,159.0,43.5,3
170,44,160.0,162.0,42.0,45.0,161.0,43.5,1
171,44,162.0,164.0,42.0,45.0,163.0,43.5,1
172,44,164.0,166.0,42.0,45.0,165.0,43.5,1
174,44,168.0,170.0,42.0,45.0,169.0,43.5,3
177,44,174.0,176.0,42.0,45.0,175.0,43.5,2
178,44,176.0,178.0,42.0,45.0,177.0,43.5,3
179,44,178.0,180.0,42.0,45.0,179.0,43.5,1
159,45,138.0,140.0,45.0,48.0,139.0,46.5,1
161,45,142.0,144.0,45.0,48.0,143.0,46.5,2
162,45,144.0,146.0,45.0,48.0,145.0,46.5,1
163,45,146.0,148.0,45.0,48.0,147.0,46.5,1
164,45,148.0,150.0,45.0,48.0,149.0,46.5,2
165,45,150.0,152.0,45.0,48.0,151.0,46.5,2
166,45,152.0,154.0,45.0,48.0,153.0,46.5,2
168,45,156.0,158.0,45.0,48.0,157.0,46.5,3
169,45,158.0,160.0,45.0,48.0,159.0,46.5,2
170,45,160.0,162.0,45.0,48.0,161.0,46.5,1
171,45,162.0,164.0,45.0,48.0,163.0,46.5,1
172,45,164.0,166.0,45.0,48.0,165.0,46.5,1
175,45,170.0,172.0,45.0,48.0,171.0,46.5,1
176,45,172.0,174.0,45.0,48.0,173.0,46.5,2
179,45,178.0,180.0,45.0,48.0,179.0,46.5,1
162,46,144.0,146.0,48.0,51.0,145.0,49.5,1
165,46,150.0,152.0,48.0,51.0,151.0,49.5,1
166,46,152.0,154.0,48.0,51.0,153.0,49.5,1
178,46,176.0,178.0,48.0,51.0,177.0,49.5,2
179,46,178.0,180.0,48.0,51.0,179.0,49.5,1
