ix,iy,lon_west,lon_east,lat_south,lat_north,lon_center,lat_center,count
109,13,38.0,40.0,-51.0,-48.0,39.0,-49.5,1
123,13,66.0,68.0,-51.0,-48.0,67.0,-49.5,1
125,13,70.0,72.0,-51.0,-48.0,71.0,-49.5,1
107,14,34.0,36.0,-48.0,-45.0,35.0,-46.5,1
120,14,60.0,62.0,-48.0,-45.0,61.0,-46.5,1
122,14,64.0,66.0,-48.0,-45.0,65.0,-46.5,2
126,14,72.0,74.0,-48.0,-45.0,73.0,-46.5,1
131,14,82.0,84.0,-48.0,-45.0,83.0,-46.5,1
106,15,32.0,34.0,-45.0,-42.0,33.0,-43.5,1
118,15,56.0,58.0,-45.0,-42.0,57.0,-43.5,1
120,15,60.0,62.0,-45.0,-42.0,61.0,-43.5,3
121,15,62.0,64.0,-45.0,-42.0,63.0,-43.5,2
124,15,68.0,70.0,-45.0,-42.0,69.0,-43.5,2
125,15,70.0,72.0,-45.0,-42.0,71.0,-43.5,1
129,15,78.0,80.0,-45.0,-42.0,79.0,-43.5,1
106,16,32.0,34.0,-42.0,-39.0,33.0,-40.5,1
112,16,44.0,46.0,-42.0,-39.0,45.0,-40.5,2
114,16,48.0,50.0,-42.0,-39.0,49.0,-40.5,1
115,16,50.0,52.0,-42.0,-39.0,51.0,-40.5,1
116,16,52.0,54.0,-42.0,-39.0,53.0,-40.5,1
117,16,54.0,56.0,-42.0,-39.0,55.0,-40.5,2
118,16,56.0,58.0,-42.0,-39.0,57.0,-40.5,3
119,16,58.0,60.0,-42.0,-39.0,59.0,-40.5,5
120,16,60.0,62.0,-42.0,-39.0,61.0,-40.5,5
121,16,62.0,64.0,-42.0,-39.0,63.0,-40.5,1
122,16,64.0,66.0,-42.0,-39.0,65.0,-40.5,4
123,16,66.0,68.0,-42.0,-39.0,67.0,-40.5,1
124,16,68.0,70.0,-42.0,-39.0,69.0,-40.5,3
125,16,70.0,72.0,-42.0,-39.0,71.0,-40.5,2
126,16,72.0,74.0,-42.0,-39.0,73.0,-40.5,2
127,16,74.0,76.0,-42.0,-39.0,75.0,-40.5,2
128,16,76.0,78.0,-42.0,-39.0,77.0,-40.5,3
130,16,80.0,82.0,-42.0,-39.0,81.0,-40.5,2
135,16,90.0,92.0,-42.0,-39.0,91.0,-40.5,3
136,16,92.0,94.0,-42.0,-39.0,93.0,-40.5,1
165,16,150.0,152.0,-42.0,-39.0,151.0,-40.5,2
166,16,152.0,154.0,-42.0,-39.0,153.0,-40.5,1
169,16,158.0,160.0,-42.0,-39.0,159.0,-40.5,1
170,16,160.0,162.0,-42.0,-39.0,161.0,-40.5,1
171,16,162.0,164.0,-42.0,-39.0,163.0,-40.5,1
172,16,164.0,166.0,-42.0,-39.0,165.0,-40.5,1
173,16,166.0,168.0,-42.0,-39.0,167.0,-40.5,2
176,16,172.0,174.0,-42.0,-39.0,173.0,-40.5,1
179,16,178.0,180.0,-42.0,-39.0,179.0,-40.5,2
107,17,34.0,36.0,-39.0,-36.0,35.0,-37.5,1
110,17,40.0,42.0,-39.0,-36.0,41.0,-37.5,1
111,17,42.0,44.0,-39.0,-36.0,43.0,-37.5,3
112,17,44.0,46.0,-39.0,-36.0,45.0,-37.5,2
113,17,46.0,48.0,-39.0,-36.0,47.0,-37.5,5
114,17,48.0,50.0,-39.0,-36.0,49.0,-37.5,2
115,17,50.0,52.0,-39.0,-36.0,51.0,-37.5,6
116,17,52.0,54.0,-39.0,-36.0,53.0,-37.5,4
117,17,54.0,56.0,-39.0,-36.0,55.0,-37.5,2
118,17,56.0,58.0,-39.0,-36.0,57.0,-37.5,11
119,17,58.0,60.0,-39.0,-36.0,59.0,-37.5,6
120,17,60.0,62.0,-39.0,-36.0,61.0,-37.5,5
121,17,62.0,64.0,-39.0,-36.0,63.0,-37.5,4
122,17,64.0,66.0,-39.0,-36.0,65.0,-37.5,2
123,17,66.0,68.0,-39.0,-36.0,67.0,-37.5,5
124,17,68.0,70.0,-39.0,-36.0,69.0,-37.5,3
125,17,70.0,72.0,-39.0,-36.0,71.0,-37.5,2
126,17,72.0,74.0,-39.0,-36.0,73.0,-37.5,1
127,17,74.0,76.0,-39.0,-36.0,75.0,-37.5,2
128,17,76.0,78.0,-39.0,-36.0,77.0,-37.5,1
134,17,88.0,90.0,-39.0,-36.0,89.0,-37.5,1
151,17,122.0,124.0,-39.0,-36.0,123.0,-37.5,1
165,17,150.0,152.0,-39.0,-36.0,151.0,-37.5,1
167,17,154.0,156.0,-39.0,-36.0,155.0,-37.5,1
168,17,156.0,158.0,-39.0,-36.0,157.0,-37.5,1
169,17,158.0,160.0,-39.0,-36.0,159.0,-37.5,1
170,17,160.0,162.0,-39.0,-36.0,161.0,-37.5,2
171,17,162.0,164.0,-39.0,-36.0,163.0,-37.5,4
172,17,164.0,166.0,-39.0,-36.0,165.0,-37.5,5
173,17,166.0,168.0,-39.0,-36.0,167.0,-37.5,1
175,17,170.0,172.0,-39.0,-36.0,171.0,-37.5,2
176,17,172.0,174.0,-39.0,-36.0,173.0,-37.5,9
177,17,174.0,176.0,-39.0,-36.0,175.0,-37.5,1
179,17,178.0,180.0,-39.0,-36.0,179.0,-37.5,2
107,18,34.0,36.0,-36.0,-33.0,35.0,-34.5,1
108,18,36.0,38.0,-36.0,-33.0,37.0,-34.5,1
109,18,38.0,40.0,-36.0,-33.0,39.0,-34.5,4
110,18,40.0,42.0,-36.0,-33.0,41.0,-34.5,4
111,18,42.0,44.0,-36.0,-33.0,43.0,-34.5,4
112,18,44.0,46.0,-36.0,-33.0,45.0,-34.5,4
113,18,46.0,48.0,-36.0,-33.0,47.0,-34.5,5
114,18,48.0,50.0,-36.0,-33.0,49.0,-34.5,6
115,18,50.0,52.0,-36.0,-33.0,51.0,-34.5,7
116,18,52.0,54.0,-36.0,-33.0,53.0,-34.5,5
117,18,54.0,56.0,-36.0,-33.0,55.0,-34.5,12
118,18,56.0,58.0,-36.0,-33.0,57.0,-34.5,7
119,18,58.0,60.0,-36.0,-33.0,59.0,-34.5,10
120,18,60.0,62.0,-36.0,-33.0,61.0,-34.5,8
121,18,62.0,64.0,-36.0,-33.0,63.0,-34.5,11
122,18,64.0,66.0,-36.0,-33.0,65.0,-34.5,9
123,18,66.0,68.0,-36.0,-33.0,67.0,-34.5,5
124,18,68.0,70.0,-36.0,-33.0,69.0,-34.5,6
125,18,70.0,72.0,-36.0,-33.0,71.0,-34.5,1
126,18,72.0,74.0,-36.0,-33.0,73.0,-34.5,4
127,18,74.0,76.0,-36.0,-33.0,75.0,-34.5,1
128,18,76.0,78.0,-36.0,-33.0,77.0,-34.5,1
130,18,80.0,82.0,-36.0,-33.0,81.0,-34.5,3
131,18,82.0,84.0,-36.0,-33.0,83.0,-34.5,1
132,18,84.0,86.0,-36.0,-33.0,85.0,-34.5,3
133,18,86.0,88.0,-36.0,-33.0,87.0,-34.5,3
134,18,88.0,90.0,-36.0,-33.0,89.0,-34.5,1
144,18,108.0,110.0,-36.0,-33.0,109.0,-34.5,1
147,18,114.0,116.0,-36.0,-33.0,115.0,-34.5,1
148,18,116.0,118.0,-36.0,-33.0,117.0,-34.5,1
149,18,118.0,120.0,-36.0,-33.0,119.0,-34.5,1
166,18,152.0,154.0,-36.0,-33.0,153.0,-34.5,2
168,18,156.0,158.0,-36.0,-33.0,157.0,-34.5,1
169,18,158.0,160.0,-36.0,-33.0,159.0,-34.5,6
170,18,160.0,162.0,-36.0,-33.0,161.0,-34.5,3
171,18,162.0,164.0,-36.0,-33.0,163.0,-34.5,3
172,18,164.0,166.0,-36.0,-33.0,165.0,-34.5,3
173,18,166.0,168.0,-36.0,-33.0,167.0,-34.5,2
174,18,168.0,170.0,-36.0,-33.0,169.0,-34.5,2
175,18,170.0,172.0,-36.0,-33.0,171.0,-34.5,5
176,18,172.0,174.0,-36.0,-33.0,173.0,-34.5,4
177,18,174.0,176.0,-36.0,-33.0,175.0,-34.5,10
178,18,176.0,178.0,-36.0,-33.0,177.0,-34.5,4
179,18,178.0,180.0,-36.0,-33.0,179.0,-34.5,5
108,19,36.0,38.0,-33.0,-30.0,37.0,-31.5,11
109,19,38.0,40.0,-33.0,-30.0,39.0,-31.5,23
110,19,40.0,42.0,-33.0,-30.0,41.0,-31.5,4
111,19,42.0,44.0,-33.0,-30.0,43.0,-31.5,14
112,19,44.0,46.0,-33.0,-30.0,45.0,-31.5,11
113,19,46.0,48.0,-33.0,-30.0,47.0,-31.5,19
114,19,48.0,50.0,-33.0,-30.0,49.0,-31.5,21
115,19,50.0,52.0,-33.0,-30.0,51.0,-31.5,11
116,19,52.0,54.0,-33.0,-30.0,53.0,-31.5,20
117,19,54.0,56.0,-33.0,-30.0,55.0,-31.5,39
118,19,56.0,58.0,-33.0,-30.0,57.0,-31.5,16
119,19,58.0,60.0,-33.0,-30.0,59.0,-31.5,17
120,19,60.0,62.0,-33.0,-30.0,61.0,-31.5,25
121,19,62.0,64.0,-33.0,-30.0,63.0,-31.5,11
122,19,64.0,66.0,-33.0,-30.0,65.0,-31.5,16
123,19,66.0,68.0,-33.0,-30.0,67.0,-31.5,5
124,19,68.0,70.0,-33.0,-30.0,69.0,-31.5,3
125,19,70.0,72.0,-33.0,-30.0,71.0,-31.5,4
126,19,72.0,74.0,-33.0,-30.0,73.0,-31.5,8
127,19,74.0,76.0,-33.0,-30.0,75.0,-31.5,4
128,19,76.0,78.0,-33.0,-30.0,77.0,-31.5,2
129,19,78.0,80.0,-33.0,-30.0,79.0,-31.5,7
130,19,80.0,82.0,-33.0,-30.0,81.0,-31.5,7
131,19,82.0,84.0,-33.0,-30.0,83.0,-31.5,4
132,19,84.0,86.0,-33.0,-30.0,85.0,-31.5,2
133,19,86.0,88.0,-33.0,-30.0,87.0,-31.5,4
134,19,88.0,90.0,-33.0,-30.0,89.0,-31.5,1
137,19,94.0,96.0,-33.0,-30.0,95.0,-31.5,1
138,19,96.0,98.0,-33.0,-30.0,97.0,-31.5,3
139,19,98.0,100.0,-33.0,-30.0,99.0,-31.5,1
140,19,100.0,102.0,-33.0,-30.0,101.0,-31.5,1
143,19,106.0,108.0,-33.0,-30.0,107.0,-31.5,4
144,19,108.0,110.0,-33.0,-30.0,109.0,-31.5,4
145,19,110.0,112.0,-33.0,-30.0,111.0,-31.5,5
146,19,112.0,114.0,-33.0,-30.0,113.0,-31.5,4
147,19,114.0,116.0,-33.0,-30.0,115.0,-31.5,4
148,19,116.0,118.0,-33.0,-30.0,117.0,-31.5,1
149,19,118.0,120.0,-33.0,-30.0,119.0,-31.5,1
150,19,120.0,122.0,-33.0,-30.0,121.0,-31.5,1
151,19,122.0,124.0,-33.0,-30.0,123.0,-31.5,1
152,19,124.0,126.0,-33.0,-30.0,125.0,-31.5,1
162,19,144.0,146.0,-33.0,-30.0,145.0,-31.5,2
163,19,146.0,148.0,-33.0,-30.0,147.0,-31.5,1
166,19,152.0,154.0,-33.0,-30.0,153.0,-31.5,3
167,19,154.0,156.0,-33.0,-30.0,155.0,-31.5,5
168,19,156.0,158.0,-33.0,-30.0,157.0,-31.5,1
169,19,158.0,160.0,-33.0,-30.0,159.0,-31.5,11
170,19,160.0,162.0,-33.0,-30.0,161.0,-31.5,1
171,19,162.0,164.0,-33.0,-30.0,163.0,-31.5,7
172,19,164.0,166.0,-33.0,-30.0,165.0,-31.5,7
173,19,166.0,168.0,-33.0,-30.0,167.0,-31.5,7
174,19,168.0,170.0,-33.0,-30.0,169.0,-31.5,9
175,19,170.0,172.0,-33.0,-30.0,171.0,-31.5,4
176,19,172.0,174.0,-33.0,-30.0,173.0,-31.5,11
177,19,174.0,176.0,-33.0,-30.0,175.0,-31.5,9
178,19,176.0,178.0,-33.0,-30.0,177.0,-31.5,11
179,19,178.0,180.0,-33.0,-30.0,179.0,-31.5,7
108,20,36.0,38.0,-30.0,-27.0,37.0,-28.5,4
109,20,38.0,40.0,-30.0,-27.0,39.0,-28.5,19
110,20,40.0,42.0,-30.0,-27.0,41.0,-28.5,13
111,20,42.0,44.0,-30.0,-27.0,43.0,-28.5,42
112,20,44.0,46.0,-30.0,-27.0,45.0,-28.5,23
113,20,46.0,48.0,-30.0,-27.0,47.0,-28.5,14
114,20,48.0,50.0,-30.0,-27.0,49.0,-28.5,8
115,20,50.0,52.0,-30.0,-27.0,51.0,-28.5,32
116,20,52.0,54.0,-30.0,-27.0,53.0,-28.5,31
117,20,54.0,56.0,-30.0,-27.0,55.0,-28.5,33
118,20,56.0,58.0,-30.0,-27.0,57.0,-28.5,34
119,20,58.0,60.0,-30.0,-27.0,59.0,-28.5,23
120,20,60.0,62.0,-30.0,-27.0,61.0,-28.5,18
121,20,62.0,64.0,-30.0,-27.0,63.0,-28.5,11
122,20,64.0,66.0,-30.0,-27.0,65.0,-28.5,13
123,20,66.0,68.0,-30.0,-27.0,67.0,-28.5,6
124,20,68.0,70.0,-30.0,-27.0,69.0,-28.5,3
125,20,70.0,72.0,-30.0,-27.0,71.0,-28.5,5
126,20,72.0,74.0,-30.0,-27.0,73.0,-28.5,8
127,20,74.0,76.0,-30.0,-27.0,75.0,-28.5,7
128,20,76.0,78.0,-30.0,-27.0,77.0,-28.5,6
129,20,78.0,80.0,-30.0,-27.0,79.0,-28.5,6
130,20,80.0,82.0,-30.0,-27.0,81.0,-28.5,6
131,20,82.0,84.0,-30.0,-27.0,83.0,-28.5,3
133,20,86.0,88.0,-30.0,-27.0,87.0,-28.5,3
135,20,90.0,92.0,-30.0,-27.0,91.0,-28.5,1
136,20,92.0,94.0,-30.0,-27.0,93.0,-28.5,1
137,20,94.0,96.0,-30.0,-27.0,95.0,-28.5,4
142,20,104.0,106.0,-30.0,-27.0,105.0,-28.5,2
143,20,106.0,108.0,-30.0,-27.0,107.0,-28.5,5
144,20,108.0,110.0,-30.0,-27.0,109.0,-28.5,8
145,20,110.0,112.0,-30.0,-27.0,111.0,-28.5,11
146,20,112.0,114.0,-30.0,-27.0,113.0,-28.5,16
147,20,114.0,116.0,-30.0,-27.0,115.0,-28.5,13
148,20,116.0,118.0,-30.0,-27.0,117.0,-28.5,9
149,20,118.0,120.0,-30.0,-27.0,119.0,-28.5,7
150,20,120.0,122.0,-30.0,-27.0,121.0,-28.5,2
151,20,122.0,124.0,-30.0,-27.0,123.0,-28.5,6
152,20,124.0,126.0,-30.0,-27.0,125.0,-28.5,2
161,20,142.0,144.0,-30.0,-27.0,143.0,-28.5,5
162,20,144.0,146.0,-30.0,-27.0,145.0,-28.5,1
163,20,146.0,148.0,-30.0,-27.0,147.0,-28.5,2
164,20,148.0,150.0,-30.0,-27.0,149.0,-28.5,2
165,20,150.0,152.0,-30.0,-27.0,151.0,-28.5,1
166,20,152.0,154.0,-30.0,-27.0,153.0,-28.5,4
167,20,154.0,156.0,-30.0,-27.0,155.0,-28.5,3
168,20,156.0,158.0,-30.0,-27.0,157.0,-28.5,7
169,20,158.0,160.0,-30.0,-27.0,159.0,-28.5,7
170,20,160.0,162.0,-30.0,-27.0,161.0,-28.5,12
171,20,162.0,164.0,-30.0,-27.0,163.0,-28.5,12
172,20,164.0,166.0,-30.0,-27.0,165.0,-28.5,5
173,20,166.0,168.0,-30.0,-27.0,167.0,-28.5,7
174,20,168.0,170.0,-30.0,-27.0,169.0,-28.5,17
175,20,170.0,172.0,-30.0,-27.0,171.0,-28.5,14
176,20,172.0,174.0,-30.0,-27.0,173.0,-28.5,10
177,20,174.0,176.0,-30.0,-27.0,175.0,-28.5,10
178,20,176.0,178.0,-30.0,-27.0,177.0,-28.5,9
179,20,178.0,180.0,-30.0,-27.0,179.0,-28.5,13
106,21,32.0,34.0,-27.0,-24.0,33.0,-25.5,2
107,21,34.0,36.0,-27.0,-24.0,35.0,-25.5,3
108,21,36.0,38.0,-27.0,-24.0,37.0,-25.5,10
109,21,38.0,40.0,-27.0,-24.0,39.0,-25.5,26
110,21,40.0,42.0,-27.0,-24.0,41.0,-25.5,34
111,21,42.0,44.0,-27.0,-24.0,43.0,-25.5,35
112,21,44.0,46.0,-27.0,-24.0,45.0,-25.5,20
113,21,46.0,48.0,-27.0,-24.0,47.0,-25.5,37
114,21,48.0,50.0,-27.0,-24.0,49.0,-25.5,32
115,21,50.0,52.0,-27.0,-24.0,51.0,-25.5,27
116,21,52.0,54.0,-27.0,-24.0,53.0,-25.5,37
117,21,54.0,56.0,-27.0,-24.0,55.0,-25.5,35
118,21,56.0,58.0,-27.0,-24.0,57.0,-25.5,47
119,21,58.0,60.0,-27.0,-24.0,59.0,-25.5,26
120,21,60.0,62.0,-27.0,-24.0,61.0,-25.5,32
121,21,62.0,64.0,-27.0,-24.0,63.0,-25.5,27
122,21,64.0,66.0,-27.0,-24.0,65.0,-25.5,16
123,21,66.0,68.0,-27.0,-24.0,67.0,-25.5,12
124,21,68.0,70.0,-27.0,-24.0,69.0,-25.5,15
125,21,70.0,72.0,-27.0,-24.0,71.0,-25.5,11
126,21,72.0,74.0,-27.0,-24.0,73.0,-25.5,17
127,21,74.0,76.0,-27.0,-24.0,75.0,-25.5,14
128,21,76.0,78.0,-27.0,-24.0,77.0,-25.5,8
129,21,78.0,80.0,-27.0,-24.0,79.0,-25.5,4
130,21,80.0,82.0,-27.0,-24.0,81.0,-25.5,6
131,21,82.0,84.0,-27.0,-24.0,83.0,-25.5,2
134,21,88.0,90.0,-27.0,-24.0,89.0,-25.5,2
135,21,90.0,92.0,-27.0,-24.0,91.0,-25.5,10
136,21,92.0,94.0,-27.0,-24.0,93.0,-25.5,11
137,21,94.0,96.0,-27.0,-24.0,95.0,-25.5,6
138,21,96.0,98.0,-27.0,-24.0,97.0,-25.5,5
139,21,98.0,100.0,-27.0,-24.0,99.0,-25.5,5
140,21,100.0,102.0,-27.0,-24.0,101.0,-25.5,5
141,21,102.0,104.0,-27.0,-24.0,103.0,-25.5,1
142,21,104.0,106.0,-27.0,-24.0,105.0,-25.5,15
143,21,106.0,108.0,-27.0,-24.0,107.0,-25.5,14
144,21,108.0,110.0,-27.0,-24.0,109.0,-25.5,16
145,21,110.0,112.0,-27.0,-24.0,111.0,-25.5,37
146,21,112.0,114.0,-27.0,-24.0,113.0,-25.5,28
147,21,114.0,116.0,-27.0,-24.0,115.0,-25.5,18
148,21,116.0,118.0,-27.0,-24.0,117.0,-25.5,15
149,21,118.0,120.0,-27.0,-24.0,119.0,-25.5,7
150,21,120.0,122.0,-27.0,-24.0,121.0,-25.5,6
151,21,122.0,124.0,-27.0,-24.0,123.0,-25.5,3
152,21,124.0,126.0,-27.0,-24.0,125.0,-25.5,1
160,21,140.0,142.0,-27.0,-24.0,141.0,-25.5,1
161,21,142.0,144.0,-27.0,-24.0,143.0,-25.5,3
162,21,144.0,146.0,-27.0,-24.0,145.0,-25.5,2
163,21,146.0,148.0,-27.0,-24.0,147.0,-25.5,2
164,21,148.0,150.0,-27.0,-24.0,149.0,-25.5,3
165,21,150.0,152.0,-27.0,-24.0,151.0,-25.5,14
166,21,152.0,154.0,-27.0,-24.0,153.0,-25.5,13
167,21,154.0,156.0,-27.0,-24.0,155.0,-25.5,29
168,21,156.0,158.0,-27.0,-24.0,157.0,-25.5,38
169,21,158.0,160.0,-27.0,-24.0,159.0,-25.5,30
170,21,160.0,162.0,-27.0,-24.0,161.0,-25.5,12
171,21,162.0,164.0,-27.0,-24.0,163.0,-25.5,16
172,21,164.0,166.0,-27.0,-24.0,165.0,-25.5,3
173,21,166.0,168.0,-27.0,-24.0,167.0,-25.5,7
174,21,168.0,170.0,-27.0,-24.0,169.0,-25.5,20
175,21,170.0,172.0,-27.0,-24.0,171.0,-25.5,18
176,21,172.0,174.0,-27.0,-24.0,173.0,-25.5,28
177,21,174.0,176.0,-27.0,-24.0,175.0,-25.5,13
178,21,176.0,178.0,-27.0,-24.0,177.0,-25.5,11
179,21,178.0,180.0,-27.0,-24.0,179.0,-25.5,16
105,22,30.0,32.0,-24.0,-21.0,31.0,-22.5,1
106,22,32.0,34.0,-24.0,-21.0,33.0,-22.5,17
107,22,34.0,36.0,-24.0,-21.0,35.0,-22.5,21
108,22,36.0,38.0,-24.0,-21.0,37.0,-22.5,54
109,22,38.0,40.0,-24.0,-21.0,39.0,-22.5,93
110,22,40.0,42.0,-24.0,-21.0,41.0,-22.5,97
111,22,42.0,44.0,-24.0,-21.0,43.0,-22.5,68
112,22,44.0,46.0,-24.0,-21.0,45.0,-22.5,16
113,22,46.0,48.0,-24.0,-21.0,47.0,-22.5,21
114,22,48.0,50.0,-24.0,-21.0,49.0,-22.5,61
115,22,50.0,52.0,-24.0,-21.0,51.0,-22.5,105
116,22,52.0,54.0,-24.0,-21.0,53.0,-22.5,80
117,22,54.0,56.0,-24.0,-21.0,55.0,-22.5,85
118,22,56.0,58.0,-24.0,-21.0,57.0,-22.5,69
119,22,58.0,60.0,-24.0,-21.0,59.0,-22.5,39
120,22,60.0,62.0,-24.0,-21.0,61.0,-22.5,61
121,22,62.0,64.0,-24.0,-21.0,63.0,-22.5,39
122,22,64.0,66.0,-24.0,-21.0,65.0,-22.5,51
123,22,66.0,68.0,-24.0,-21.0,67.0,-22.5,27
124,22,68.0,70.0,-24.0,-21.0,69.0,-22.5,25
125,22,70.0,72.0,-24.0,-21.0,71.0,-22.5,15
126,22,72.0,74.0,-24.0,-21.0,73.0,-22.5,15
127,22,74.0,76.0,-24.0,-21.0,75.0,-22.5,13
128,22,76.0,78.0,-24.0,-21.0,77.0,-22.5,13
129,22,78.0,80.0,-24.0,-21.0,79.0,-22.5,20
130,22,80.0,82.0,-24.0,-21.0,81.0,-22.5,8
131,22,82.0,84.0,-24.0,-21.0,83.0,-22.5,18
132,22,84.0,86.0,-24.0,-21.0,85.0,-22.5,8
133,22,86.0,88.0,-24.0,-21.0,87.0,-22.5,6
134,22,88.0,90.0,-24.0,-21.0,89.0,-22.5,8
135,22,90.0,92.0,-24.0,-21.0,91.0,-22.5,12
136,22,92.0,94.0,-24.0,-21.0,93.0,-22.5,26
137,22,94.0,96.0,-24.0,-21.0,95.0,-22.5,18
138,22,96.0,98.0,-24.0,-21.0,97.0,-22.5,10
139,22,98.0,100.0,-24.0,-21.0,99.0,-22.5,13
140,22,100.0,102.0,-24.0,-21.0,101.0,-22.5,33
141,22,102.0,104.0,-24.0,-21.0,103.0,-22.5,27
142,22,104.0,106.0,-24.0,-21.0,105.0,-22.5,51
143,22,106.0,108.0,-24.0,-21.0,107.0,-22.5,37
144,22,108.0,110.0,-24.0,-21.0,109.0,-22.5,41
145,22,110.0,112.0,-24.0,-21.0,111.0,-22.5,77
146,22,112.0,114.0,-24.0,-21.0,113.0,-22.5,60
147,22,114.0,116.0,-24.0,-21.0,115.0,-22.5,60
148,22,116.0,118.0,-24.0,-21.0,117.0,-22.5,32
149,22,118.0,120.0,-24.0,-21.0,119.0,-22.5,24
150,22,120.0,122.0,-24.0,-21.0,121.0,-22.5,6
151,22,122.0,124.0,-24.0,-21.0,123.0,-22.5,7
152,22,124.0,126.0,-24.0,-21.0,125.0,-22.5,7
153,22,126.0,128.0,-24.0,-21.0,127.0,-22.5,8
158,22,136.0,138.0,-24.0,-21.0,137.0,-22.5,5
160,22,140.0,142.0,-24.0,-21.0,141.0,-22.5,1
161,22,142.0,144.0,-24.0,-21.0,143.0,-22.5,10
162,22,144.0,146.0,-24.0,-21.0,145.0,-22.5,12
163,22,146.0,148.0,-24.0,-21.0,147.0,-22.5,29
164,22,148.0,150.0,-24.0,-21.0,149.0,-22.5,23
165,22,150.0,152.0,-24.0,-21.0,151.0,-22.5,38
166,22,152.0,154.0,-24.0,-21.0,153.0,-22.5,48
167,22,154.0,156.0,-24.0,-21.0,155.0,-22.5,49
168,22,156.0,158.0,-24.0,-21.0,157.0,-22.5,43
169,22,158.0,160.0,-24.0,-21.0,159.0,-22.5,50
170,22,160.0,162.0,-24.0,-21.0,161.0,-22.5,23
171,22,162.0,164.0,-24.0,-21.0,163.0,-22.5,66
172,22,164.0,166.0,-24.0,-21.0,165.0,-22.5,47
173,22,166.0,168.0,-24.0,-21.0,167.0,-22.5,40
174,22,168.0,170.0,-24.0,-21.0,169.0,-22.5,35
175,22,170.0,172.0,-24.0,-21.0,171.0,-22.5,27
176,22,172.0,174.0,-24.0,-21.0,173.0,-22.5,38
177,22,174.0,176.0,-24.0,-21.0,175.0,-22.5,50
178,22,176.0,178.0,-24.0,-21.0,177.0,-22.5,69
179,22,178.0,180.0,-24.0,-21.0,179.0,-22.5,61
104,23,28.0,30.0,-21.0,-18.0,29.0,-19.5,1
105,23,30.0,32.0,-21.0,-18.0,31.0,-19.5,2
106,23,32.0,34.0,-21.0,-18.0,33.0,-19.5,7
107,23,34.0,36.0,-21.0,-18.0,35.0,-19.5,38
108,23,36.0,38.0,-21.0,-18.0,37.0,-19.5,133
109,23,38.0,40.0,-21.0,-18.0,39.0,-19.5,149
110,23,40.0,42.0,-21.0,-18.0,41.0,-19.5,117
111,23,42.0,44.0,-21.0,-18.0,43.0,-19.5,86
112,23,44.0,46.0,-21.0,-18.0,45.0,-19.5,41
113,23,46.0,48.0,-21.0,-18.0,47.0,-19.5,5
114,23,48.0,50.0,-21.0,-18.0,49.0,-19.5,68
115,23,50.0,52.0,-21.0,-18.0,51.0,-19.5,164
116,23,52.0,54.0,-21.0,-18.0,53.0,-19.5,87
117,23,54.0,56.0,-21.0,-18.0,55.0,-19.5,134
118,23,56.0,58.0,-21.0,-18.0,57.0,-19.5,103
119,23,58.0,60.0,-21.0,-18.0,59.0,-19.5,49
120,23,60.0,62.0,-21.0,-18.0,61.0,-19.5,64
121,23,62.0,64.0,-21.0,-18.0,63.0,-19.5,32
122,23,64.0,66.0,-21.0,-18.0,65.0,-19.5,56
123,23,66.0,68.0,-21.0,-18.0,67.0,-19.5,35
124,23,68.0,70.0,-21.0,-18.0,69.0,-19.5,41
125,23,70.0,72.0,-21.0,-18.0,71.0,-19.5,22
126,23,72.0,74.0,-21.0,-18.0,73.0,-19.5,28
127,23,74.0,76.0,-21.0,-18.0,75.0,-19.5,26
128,23,76.0,78.0,-21.0,-18.0,77.0,-19.5,22
129,23,78.0,80.0,-21.0,-18.0,79.0,-19.5,35
130,23,80.0,82.0,-21.0,-18.0,81.0,-19.5,22
131,23,82.0,84.0,-21.0,-18.0,83.0,-19.5,28
132,23,84.0,86.0,-21.0,-18.0,85.0,-19.5,13
133,23,86.0,88.0,-21.0,-18.0,87.0,-19.5,19
134,23,88.0,90.0,-21.0,-18.0,89.0,-19.5,14
135,23,90.0,92.0,-21.0,-18.0,91.0,-19.5,21
136,23,92.0,94.0,-21.0,-18.0,93.0,-19.5,22
137,23,94.0,96.0,-21.0,-18.0,95.0,-19.5,31
138,23,96.0,98.0,-21.0,-18.0,97.0,-19.5,33
139,23,98.0,100.0,-21.0,-18.0,99.0,-19.5,16
140,23,100.0,102.0,-21.0,-18.0,101.0,-19.5,23
141,23,102.0,104.0,-21.0,-18.0,103.0,-19.5,34
142,23,104.0,106.0,-21.0,-18.0,105.0,-19.5,38
143,23,106.0,108.0,-21.0,-18.0,107.0,-19.5,33
144,23,108.0,110.0,-21.0,-18.0,109.0,-19.5,78
145,23,110.0,112.0,-21.0,-18.0,111.0,-19.5,90
146,23,112.0,114.0,-21.0,-18.0,113.0,-19.5,90
147,23,114.0,116.0,-21.0,-18.0,115.0,-19.5,113
148,23,116.0,118.0,-21.0,-18.0,117.0,-19.5,71
149,23,118.0,120.0,-21.0,-18.0,119.0,-19.5,91
150,23,120.0,122.0,-21.0,-18.0,121.0,-19.5,39
151,23,122.0,124.0,-21.0,-18.0,123.0,-19.5,16
152,23,124.0,126.0,-21.0,-18.0,125.0,-19.5,10
153,23,126.0,128.0,-21.0,-18.0,127.0,-19.5,12
154,23,128.0,130.0,-21.0,-18.0,129.0,-19.5,3
155,23,130.0,132.0,-21.0,-18.0,131.0,-19.5,3
156,23,132.0,134.0,-21.0,-18.0,133.0,-19.5,9
157,23,134.0,136.0,-21.0,-18.0,135.0,-19.5,14
158,23,136.0,138.0,-21.0,-18.0,137.0,-19.5,22
159,23,138.0,140.0,-21.0,-18.0,139.0,-19.5,11
160,23,140.0,142.0,-21.0,-18.0,141.0,-19.5,19
161,23,142.0,144.0,-21.0,-18.0,143.0,-19.5,16
162,23,144.0,146.0,-21.0,-18.0,145.0,-19.5,22
163,23,146.0,148.0,-21.0,-18.0,147.0,-19.5,71
164,23,148.0,150.0,-21.0,-18.0,149.0,-19.5,76
165,23,150.0,152.0,-21.0,-18.0,151.0,-19.5,120
166,23,152.0,154.0,-21.0,-18.0,153.0,-19.5,82
167,23,154.0,156.0,-21.0,-18.0,155.0,-19.5,86
168,23,156.0,158.0,-21.0,-18.0,157.0,-19.5,41
169,23,158.0,160.0,-21.0,-18.0,159.0,-19.5,60
170,23,160.0,162.0,-21.0,-18.0,161.0,-19.5,43
171,23,162.0,164.0,-21.0,-18.0,163.0,-19.5,44
172,23,164.0,166.0,-21.0,-18.0,165.0,-19.5,57
173,23,166.0,168.0,-21.0,-18.0,167.0,-19.5,37
174,23,168.0,170.0,-21.0,-18.0,169.0,-19.5,55
175,23,170.0,172.0,-21.0,-18.0,171.0,-19.5,50
176,23,172.0,174.0,-21.0,-18.0,173.0,-19.5,63
177,23,174.0,176.0,-21.0,-18.0,175.0,-19.5,65
178,23,176.0,178.0,-21.0,-18.0,177.0,-19.5,68
179,23,178.0,180.0,-21.0,-18.0,179.0,-19.5,47
106,24,32.0,34.0,-18.0,-15.0,33.0,-16.5,8
107,24,34.0,36.0,-18.0,-15.0,35.0,-16.5,17
108,24,36.0,38.0,-18.0,-15.0,37.0,-16.5,39
109,24,38.0,40.0,-18.0,-15.0,39.0,-16.5,69
110,24,40.0,42.0,-18.0,-15.0,41.0,-16.5,98
111,24,42.0,44.0,-18.0,-15.0,43.0,-16.5,126
112,24,44.0,46.0,-18.0,-15.0,45.0,-16.5,37
113,24,46.0,48.0,-18.0,-15.0,47.0,-16.5,62
114,24,48.0,50.0,-18.0,-15.0,49.0,-16.5,47
115,24,50.0,52.0,-18.0,-15.0,51.0,-16.5,137
116,24,52.0,54.0,-18.0,-15.0,53.0,-16.5,145
117,24,54.0,56.0,-18.0,-15.0,55.0,-16.5,187
118,24,56.0,58.0,-18.0,-15.0,57.0,-16.5,140
119,24,58.0,60.0,-18.0,-15.0,59.0,-16.5,61
120,24,60.0,62.0,-18.0,-15.0,61.0,-16.5,90
121,24,62.0,64.0,-18.0,-15.0,63.0,-16.5,87
122,24,64.0,66.0,-18.0,-15.0,65.0,-16.5,87
123,24,66.0,68.0,-18.0,-15.0,67.0,-16.5,59
124,24,68.0,70.0,-18.0,-15.0,69.0,-16.5,74
125,24,70.0,72.0,-18.0,-15.0,71.0,-16.5,52
126,24,72.0,74.0,-18.0,-15.0,73.0,-16.5,48
127,24,74.0,76.0,-18.0,-15.0,75.0,-16.5,35
128,24,76.0,78.0,-18.0,-15.0,77.0,-16.5,21
129,24,78.0,80.0,-18.0,-15.0,79.0,-16.5,42
130,24,80.0,82.0,-18.0,-15.0,81.0,-16.5,36
131,24,82.0,84.0,-18.0,-15.0,83.0,-16.5,46
132,24,84.0,86.0,-18.0,-15.0,85.0,-16.5,55
133,24,86.0,88.0,-18.0,-15.0,87.0,-16.5,66
134,24,88.0,90.0,-18.0,-15.0,89.0,-16.5,33
135,24,90.0,92.0,-18.0,-15.0,91.0,-16.5,48
136,24,92.0,94.0,-18.0,-15.0,93.0,-16.5,51
137,24,94.0,96.0,-18.0,-15.0,95.0,-16.5,34
138,24,96.0,98.0,-18.0,-15.0,97.0,-16.5,80
139,24,98.0,100.0,-18.0,-15.0,99.0,-16.5,46
140,24,100.0,102.0,-18.0,-15.0,101.0,-16.5,60
141,24,102.0,104.0,-18.0,-15.0,103.0,-16.5,51
142,24,104.0,106.0,-18.0,-15.0,105.0,-16.5,92
143,24,106.0,108.0,-18.0,-15.0,107.0,-16.5,61
144,24,108.0,110.0,-18.0,-15.0,109.0,-16.5,77
145,24,110.0,112.0,-18.0,-15.0,111.0,-16.5,85
146,24,112.0,114.0,-18.0,-15.0,113.0,-16.5,117
147,24,114.0,116.0,-18.0,-15.0,115.0,-16.5,125
148,24,116.0,118.0,-18.0,-15.0,117.0,-16.5,121
149,24,118.0,120.0,-18.0,-15.0,119.0,-16.5,190
150,24,120.0,122.0,-18.0,-15.0,121.0,-16.5,107
151,24,122.0,124.0,-18.0,-15.0,123.0,-16.5,118
152,24,124.0,126.0,-18.0,-15.0,125.0,-16.5,58
153,24,126.0,128.0,-18.0,-15.0,127.0,-16.5,29
154,24,128.0,130.0,-18.0,-15.0,129.0,-16.5,27
155,24,130.0,132.0,-18.0,-15.0,131.0,-16.5,27
156,24,132.0,134.0,-18.0,-15.0,133.0,-16.5,35
157,24,134.0,136.0,-18.0,-15.0,135.0,-16.5,45
158,24,136.0,138.0,-18.0,-15.0,137.0,-16.5,66
159,24,138.0,140.0,-18.0,-15.0,139.0,-16.5,42
160,24,140.0,142.0,-18.0,-15.0,141.0,-16.5,86
161,24,142.0,144.0,-18.0,-15.0,143.0,-16.5,56
162,24,144.0,146.0,-18.0,-15.0,145.0,-16.5,47
163,24,146.0,148.0,-18.0,-15.0,147.0,-16.5,101
164,24,148.0,150.0,-18.0,-15.0,149.0,-16.5,124
165,24,150.0,152.0,-18.0,-15.0,151.0,-16.5,173
166,24,152.0,154.0,-18.0,-15.0,153.0,-16.5,127
167,24,154.0,156.0,-18.0,-15.0,155.0,-16.5,132
168,24,156.0,158.0,-18.0,-15.0,157.0,-16.5,114
169,24,158.0,160.0,-18.0,-15.0,159.0,-16.5,101
170,24,160.0,162.0,-18.0,-15.0,161.0,-16.5,46
171,24,162.0,164.0,-18.0,-15.0,163.0,-16.5,84
172,24,164.0,166.0,-18.0,-15.0,165.0,-16.5,73
173,24,166.0,168.0,-18.0,-15.0,167.0,-16.5,35
174,24,168.0,170.0,-18.0,-15.0,169.0,-16.5,80
175,24,170.0,172.0,-18.0,-15.0,171.0,-16.5,51
176,24,172.0,174.0,-18.0,-15.0,173.0,-16.5,75
177,24,174.0,176.0,-18.0,-15.0,175.0,-16.5,64
178,24,176.0,178.0,-18.0,-15.0,177.0,-16.5,124
179,24,178.0,180.0,-18.0,-15.0,179.0,-16.5,70
105,25,30.0,32.0,-15.0,-12.0,31.0,-13.5,1
107,25,34.0,36.0,-15.0,-12.0,35.0,-13.5,1
108,25,36.0,38.0,-15.0,-12.0,37.0,-13.5,12
109,25,38.0,40.0,-15.0,-12.0,39.0,-13.5,28
110,25,40.0,42.0,-15.0,-12.0,41.0,-13.5,69
111,25,42.0,44.0,-15.0,-12.0,43.0,-13.5,142
112,25,44.0,46.0,-15.0,-12.0,45.0,-13.5,84
113,25,46.0,48.0,-15.0,-12.0,47.0,-13.5,104
114,25,48.0,50.0,-15.0,-12.0,49.0,-13.5,37
115,25,50.0,52.0,-15.0,-12.0,51.0,-13.5,207
116,25,52.0,54.0,-15.0,-12.0,53.0,-13.5,217
117,25,54.0,56.0,-15.0,-12.0,55.0,-13.5,214
118,25,56.0,58.0,-15.0,-12.0,57.0,-13.5,170
119,25,58.0,60.0,-15.0,-12.0,59.0,-13.5,130
120,25,60.0,62.0,-15.0,-12.0,61.0,-13.5,151
121,25,62.0,64.0,-15.0,-12.0,63.0,-13.5,98
122,25,64.0,66.0,-15.0,-12.0,65.0,-13.5,126
123,25,66.0,68.0,-15.0,-12.0,67.0,-13.5,77
124,25,68.0,70.0,-15.0,-12.0,69.0,-13.5,102
125,25,70.0,72.0,-15.0,-12.0,71.0,-13.5,101
126,25,72.0,74.0,-15.0,-12.0,73.0,-13.5,157
127,25,74.0,76.0,-15.0,-12.0,75.0,-13.5,113
128,25,76.0,78.0,-15.0,-12.0,77.0,-13.5,61
129,25,78.0,80.0,-15.0,-12.0,79.0,-13.5,78
130,25,80.0,82.0,-15.0,-12.0,81.0,-13.5,75
131,25,82.0,84.0,-15.0,-12.0,83.0,-13.5,48
132,25,84.0,86.0,-15.0,-12.0,85.0,-13.5,51
133,25,86.0,88.0,-15.0,-12.0,87.0,-13.5,68
134,25,88.0,90.0,-15.0,-12.0,89.0,-13.5,58
135,25,90.0,92.0,-15.0,-12.0,91.0,-13.5,80
136,25,92.0,94.0,-15.0,-12.0,93.0,-13.5,95
137,25,94.0,96.0,-15.0,-12.0,95.0,-13.5,69
138,25,96.0,98.0,-15.0,-12.0,97.0,-13.5,83
139,25,98.0,100.0,-15.0,-12.0,99.0,-13.5,75
140,25,100.0,102.0,-15.0,-12.0,101.0,-13.5,93
141,25,102.0,104.0,-15.0,-12.0,103.0,-13.5,63
142,25,104.0,106.0,-15.0,-12.0,105.0,-13.5,84
143,25,106.0,108.0,-15.0,-12.0,107.0,-13.5,60
144,25,108.0,110.0,-15.0,-12.0,109.0,-13.5,73
145,25,110.0,112.0,-15.0,-12.0,111.0,-13.5,83
146,25,112.0,114.0,-15.0,-12.0,113.0,-13.5,94
147,25,114.0,116.0,-15.0,-12.0,115.0,-13.5,97
148,25,116.0,118.0,-15.0,-12.0,117.0,-13.5,65
149,25,118.0,120.0,-15.0,-12.0,119.0,-13.5,64
150,25,120.0,122.0,-15.0,-12.0,121.0,-13.5,90
151,25,122.0,124.0,-15.0,-12.0,123.0,-13.5,146
152,25,124.0,126.0,-15.0,-12.0,125.0,-13.5,103
153,25,126.0,128.0,-15.0,-12.0,127.0,-13.5,156
154,25,128.0,130.0,-15.0,-12.0,129.0,-13.5,241
155,25,130.0,132.0,-15.0,-12.0,131.0,-13.5,62
156,25,132.0,134.0,-15.0,-12.0,133.0,-13.5,60
157,25,134.0,136.0,-15.0,-12.0,135.0,-13.5,107
158,25,136.0,138.0,-15.0,-12.0,137.0,-13.5,240
159,25,138.0,140.0,-15.0,-12.0,139.0,-13.5,137
160,25,140.0,142.0,-15.0,-12.0,141.0,-13.5,99
161,25,142.0,144.0,-15.0,-12.0,143.0,-13.5,37
162,25,144.0,146.0,-15.0,-12.0,145.0,-13.5,114
163,25,146.0,148.0,-15.0,-12.0,147.0,-13.5,180
164,25,148.0,150.0,-15.0,-12.0,149.0,-13.5,104
165,25,150.0,152.0,-15.0,-12.0,151.0,-13.5,158
166,25,152.0,154.0,-15.0,-12.0,153.0,-13.5,102
167,25,154.0,156.0,-15.0,-12.0,155.0,-13.5,170
168,25,156.0,158.0,-15.0,-12.0,157.0,-13.5,77
169,25,158.0,160.0,-15.0,-12.0,159.0,-13.5,78
170,25,160.0,162.0,-15.0,-12.0,161.0,-13.5,73
171,25,162.0,164.0,-15.0,-12.0,163.0,-13.5,74
172,25,164.0,166.0,-15.0,-12.0,165.0,-13.5,57
173,25,166.0,168.0,-15.0,-12.0,167.0,-13.5,46
174,25,168.0,170.0,-15.0,-12.0,169.0,-13.5,96
175,25,170.0,172.0,-15.0,-12.0,171.0,-13.5,64
176,25,172.0,174.0,-15.0,-12.0,173.0,-13.5,123
177,25,174.0,176.0,-15.0,-12.0,175.0,-13.5,76
178,25,176.0,178.0,-15.0,-12.0,177.0,-13.5,107
179,25,178.0,180.0,-15.0,-12.0,179.0,-13.5,78
108,26,36.0,38.0,-12.0,-9.0,37.0,-10.5,3
109,26,38.0,40.0,-12.0,-9.0,39.0,-10.5,27
110,26,40.0,42.0,-12.0,-9.0,41.0,-10.5,31
111,26,42.0,44.0,-12.0,-9.0,43.0,-10.5,51
112,26,44.0,46.0,-12.0,-9.0,45.0,-10.5,40
113,26,46.0,48.0,-12.0,-9.0,47.0,-10.5,60
114,26,48.0,50.0,-12.0,-9.0,49.0,-10.5,65
115,26,50.0,52.0,-12.0,-9.0,51.0,-10.5,180
116,26,52.0,54.0,-12.0,-9.0,53.0,-10.5,84
117,26,54.0,56.0,-12.0,-9.0,55.0,-10.5,90
118,26,56.0,58.0,-12.0,-9.0,57.0,-10.5,90
119,26,58.0,60.0,-12.0,-9.0,59.0,-10.5,67
120,26,60.0,62.0,-12.0,-9.0,61.0,-10.5,93
121,26,62.0,64.0,-12.0,-9.0,63.0,-10.5,79
122,26,64.0,66.0,-12.0,-9.0,65.0,-10.5,71
123,26,66.0,68.0,-12.0,-9.0,67.0,-10.5,62
124,26,68.0,70.0,-12.0,-9.0,69.0,-10.5,86
125,26,70.0,72.0,-12.0,-9.0,71.0,-10.5,61
126,26,72.0,74.0,-12.0,-9.0,73.0,-10.5,100
127,26,74.0,76.0,-12.0,-9.0,75.0,-10.5,78
128,26,76.0,78.0,-12.0,-9.0,77.0,-10.5,44
129,26,78.0,80.0,-12.0,-9.0,79.0,-10.5,68
130,26,80.0,82.0,-12.0,-9.0,81.0,-10.5,45
131,26,82.0,84.0,-12.0,-9.0,83.0,-10.5,59
132,26,84.0,86.0,-12.0,-9.0,85.0,-10.5,33
133,26,86.0,88.0,-12.0,-9.0,87.0,-10.5,53
134,26,88.0,90.0,-12.0,-9.0,89.0,-10.5,38
135,26,90.0,92.0,-12.0,-9.0,91.0,-10.5,23
136,26,92.0,94.0,-12.0,-9.0,93.0,-10.5,28
137,26,94.0,96.0,-12.0,-9.0,95.0,-10.5,38
138,26,96.0,98.0,-12.0,-9.0,97.0,-10.5,36
139,26,98.0,100.0,-12.0,-9.0,99.0,-10.5,22
140,26,100.0,102.0,-12.0,-9.0,101.0,-10.5,46
141,26,102.0,104.0,-12.0,-9.0,103.0,-10.5,20
142,26,104.0,106.0,-12.0,-9.0,105.0,-10.5,27
143,26,106.0,108.0,-12.0,-9.0,107.0,-10.5,19
144,26,108.0,110.0,-12.0,-9.0,109.0,-10.5,20
145,26,110.0,112.0,-12.0,-9.0,111.0,-10.5,22
146,26,112.0,114.0,-12.0,-9.0,113.0,-10.5,14
147,26,114.0,116.0,-12.0,-9.0,115.0,-10.5,37
148,26,116.0,118.0,-12.0,-9.0,117.0,-10.5,27
149,26,118.0,120.0,-12.0,-9.0,119.0,-10.5,26
150,26,120.0,122.0,-12.0,-9.0,121.0,-10.5,21
151,26,122.0,124.0,-12.0,-9.0,123.0,-10.5,33
152,26,124.0,126.0,-12.0,-9.0,125.0,-10.5,24
153,26,126.0,128.0,-12.0,-9.0,127.0,-10.5,44
154,26,128.0,130.0,-12.0,-9.0,129.0,-10.5,86
155,26,130.0,132.0,-12.0,-9.0,131.0,-10.5,83
156,26,132.0,134.0,-12.0,-9.0,133.0,-10.5,88
157,26,134.0,136.0,-12.0,-9.0,135.0,-10.5,72
158,26,136.0,138.0,-12.0,-9.0,137.0,-10.5,69
159,26,138.0,140.0,-12.0,-9.0,139.0,-10.5,63
160,26,140.0,142.0,-12.0,-9.0,141.0,-10.5,47
161,26,142.0,144.0,-12.0,-9.0,143.0,-10.5,37
162,26,144.0,146.0,-12.0,-9.0,145.0,-10.5,49
163,26,146.0,148.0,-12.0,-9.0,147.0,-10.5,9
164,26,148.0,150.0,-12.0,-9.0,149.0,-10.5,9
165,26,150.0,152.0,-12.0,-9.0,151.0,-10.5,9
166,26,152.0,154.0,-12.0,-9.0,153.0,-10.5,29
167,26,154.0,156.0,-12.0,-9.0,155.0,-10.5,88
168,26,156.0,158.0,-12.0,-9.0,157.0,-10.5,48
169,26,158.0,160.0,-12.0,-9.0,159.0,-10.5,32
170,26,160.0,162.0,-12.0,-9.0,161.0,-10.5,17
171,26,162.0,164.0,-12.0,-9.0,163.0,-10.5,26
172,26,164.0,166.0,-12.0,-9.0,165.0,-10.5,22
173,26,166.0,168.0,-12.0,-9.0,167.0,-10.5,22
174,26,168.0,170.0,-12.0,-9.0,169.0,-10.5,37
175,26,170.0,172.0,-12.0,-9.0,171.0,-10.5,27
176,26,172.0,174.0,-12.0,-9.0,173.0,-10.5,29
177,26,174.0,176.0,-12.0,-9.0,175.0,-10.5,20
178,26,176.0,178.0,-12.0,-9.0,177.0,-10.5,21
179,26,178.0,180.0,-12.0,-9.0,179.0,-10.5,28
108,27,36.0,38.0,-9.0,-6.0,37.0,-7.5,1
109,27,38.0,40.0,-9.0,-6.0,39.0,-7.5,10
110,27,40.0,42.0,-9.0,-6.0,41.0,-7.5,19
111,27,42.0,44.0,-9.0,-6.0,43.0,-7.5,34
112,27,44.0,46.0,-9.0,-6.0,45.0,-7.5,44
113,27,46.0,48.0,-9.0,-6.0,47.0,-7.5,74
114,27,48.0,50.0,-9.0,-6.0,49.0,-7.5,68
115,27,50.0,52.0,-9.0,-6.0,51.0,-7.5,114
116,27,52.0,54.0,-9.0,-6.0,53.0,-7.5,51
117,27,54.0,56.0,-9.0,-6.0,55.0,-7.5,45
118,27,56.0,58.0,-9.0,-6.0,57.0,-7.5,48
119,27,58.0,60.0,-9.0,-6.0,59.0,-7.5,45
120,27,60.0,62.0,-9.0,-6.0,61.0,-7.5,79
121,27,62.0,64.0,-9.0,-6.0,63.0,-7.5,55
122,27,64.0,66.0,-9.0,-6.0,65.0,-7.5,61
123,27,66.0,68.0,-9.0,-6.0,67.0,-7.5,43
124,27,68.0,70.0,-9.0,-6.0,69.0,-7.5,42
125,27,70.0,72.0,-9.0,-6.0,71.0,-7.5,24
126,27,72.0,74.0,-9.0,-6.0,73.0,-7.5,41
127,27,74.0,76.0,-9.0,-6.0,75.0,-7.5,38
128,27,76.0,78.0,-9.0,-6.0,77.0,-7.5,29
129,27,78.0,80.0,-9.0,-6.0,79.0,-7.5,34
130,27,80.0,82.0,-9.0,-6.0,81.0,-7.5,20
131,27,82.0,84.0,-9.0,-6.0,83.0,-7.5,24
132,27,84.0,86.0,-9.0,-6.0,85.0,-7.5,35
133,27,86.0,88.0,-9.0,-6.0,87.0,-7.5,34
134,27,88.0,90.0,-9.0,-6.0,89.0,-7.5,17
135,27,90.0,92.0,-9.0,-6.0,91.0,-7.5,20
136,27,92.0,94.0,-9.0,-6.0,93.0,-7.5,16
137,27,94.0,96.0,-9.0,-6.0,95.0,-7.5,8
138,27,96.0,98.0,-9.0,-6.0,97.0,-7.5,14
139,27,98.0,100.0,-9.0,-6.0,99.0,-7.5,8
140,27,100.0,102.0,-9.0,-6.0,101.0,-7.5,10
141,27,102.0,104.0,-9.0,-6.0,103.0,-7.5,7
143,27,106.0,108.0,-9.0,-6.0,107.0,-7.5,1
147,27,114.0,116.0,-9.0,-6.0,115.0,-7.5,1
148,27,116.0,118.0,-9.0,-6.0,117.0,-7.5,1
149,27,118.0,120.0,-9.0,-6.0,119.0,-7.5,1
150,27,120.0,122.0,-9.0,-6.0,121.0,-7.5,2
151,27,122.0,124.0,-9.0,-6.0,123.0,-7.5,1
152,27,124.0,126.0,-9.0,-6.0,125.0,-7.5,9
153,27,126.0,128.0,-9.0,-6.0,127.0,-7.5,13
154,27,128.0,130.0,-9.0,-6.0,129.0,-7.5,38
155,27,130.0,132.0,-9.0,-6.0,131.0,-7.5,11
156,27,132.0,134.0,-9.0,-6.0,133.0,-7.5,11
157,27,134.0,136.0,-9.0,-6.0,135.0,-7.5,8
158,27,136.0,138.0,-9.0,-6.0,137.0,-7.5,21
159,27,138.0,140.0,-9.0,-6.0,139.0,-7.5,6
161,27,142.0,144.0,-9.0,-6.0,143.0,-7.5,1
165,27,150.0,152.0,-9.0,-6.0,151.0,-7.5,3
166,27,152.0,154.0,-9.0,-6.0,153.0,-7.5,4
167,27,154.0,156.0,-9.0,-6.0,155.0,-7.5,9
168,27,156.0,158.0,-9.0,-6.0,157.0,-7.5,4
169,27,158.0,160.0,-9.0,-6.0,159.0,-7.5,12
170,27,160.0,162.0,-9.0,-6.0,161.0,-7.5,12
171,27,162.0,164.0,-9.0,-6.0,163.0,-7.5,11
172,27,164.0,166.0,-9.0,-6.0,165.0,-7.5,13
173,27,166.0,168.0,-9.0,-6.0,167.0,-7.5,4
174,27,168.0,170.0,-9.0,-6.0,169.0,-7.5,4
175,27,170.0,172.0,-9.0,-6.0,171.0,-7.5,2
176,27,172.0,174.0,-9.0,-6.0,173.0,-7.5,5
177,27,174.0,176.0,-9.0,-6.0,175.0,-7.5,1
178,27,176.0,178.0,-9.0,-6.0,177.0,-7.5,2
179,27,178.0,180.0,-9.0,-6.0,179.0,-7.5,4
110,28,40.0,42.0,-6.0,-3.0,41.0,-4.5,3
111,28,42.0,44.0,-6.0,-3.0,43.0,-4.5,15
112,28,44.0,46.0,-6.0,-3.0,45.0,-4.5,5
113,28,46.0,48.0,-6.0,-3.0,47.0,-4.5,11
114,28,48.0,50.0,-6.0,-3.0,49.0,-4.5,42
115,28,50.0,52.0,-6.0,-3.0,51.0,-4.5,26
116,28,52.0,54.0,-6.0,-3.0,53.0,-4.5,12
117,28,54.0,56.0,-6.0,-3.0,55.0,-4.5,16
118,28,56.0,58.0,-6.0,-3.0,57.0,-4.5,28
119,28,58.0,60.0,-6.0,-3.0,59.0,-4.5,20
120,28,60.0,62.0,-6.0,-3.0,61.0,-4.5,46
121,28,62.0,64.0,-6.0,-3.0,63.0,-4.5,20
122,28,64.0,66.0,-6.0,-3.0,65.0,-4.5,34
123,28,66.0,68.0,-6.0,-3.0,67.0,-4.5,17
124,28,68.0,70.0,-6.0,-3.0,69.0,-4.5,10
125,28,70.0,72.0,-6.0,-3.0,71.0,-4.5,5
126,28,72.0,74.0,-6.0,-3.0,73.0,-4.5,17
127,28,74.0,76.0,-6.0,-3.0,75.0,-4.5,6
128,28,76.0,78.0,-6.0,-3.0,77.0,-4.5,13
129,28,78.0,80.0,-6.0,-3.0,79.0,-4.5,15
130,28,80.0,82.0,-6.0,-3.0,81.0,-4.5,27
131,28,82.0,84.0,-6.0,-3.0,83.0,-4.5,14
132,28,84.0,86.0,-6.0,-3.0,85.0,-4.5,13
133,28,86.0,88.0,-6.0,-3.0,87.0,-4.5,32
134,28,88.0,90.0,-6.0,-3.0,89.0,-4.5,9
135,28,90.0,92.0,-6.0,-3.0,91.0,-4.5,16
136,28,92.0,94.0,-6.0,-3.0,93.0,-4.5,11
137,28,94.0,96.0,-6.0,-3.0,95.0,-4.5,4
138,28,96.0,98.0,-6.0,-3.0,97.0,-4.5,7
139,28,98.0,100.0,-6.0,-3.0,99.0,-4.5,5
140,28,100.0,102.0,-6.0,-3.0,101.0,-4.5,1
153,28,126.0,128.0,-6.0,-3.0,127.0,-4.5,4
167,28,154.0,156.0,-6.0,-3.0,155.0,-4.5,8
168,28,156.0,158.0,-6.0,-3.0,157.0,-4.5,4
169,28,158.0,160.0,-6.0,-3.0,159.0,-4.5,2
170,28,160.0,162.0,-6.0,-3.0,161.0,-4.5,4
171,28,162.0,164.0,-6.0,-3.0,163.0,-4.5,8
172,28,164.0,166.0,-6.0,-3.0,165.0,-4.5,4
173,28,166.0,168.0,-6.0,-3.0,167.0,-4.5,1
111,29,42.0,44.0,-3.0,0.0,43.0,-1.5,2
113,29,46.0,48.0,-3.0,0.0,47.0,-1.5,7
114,29,48.0,50.0,-3.0,0.0,49.0,-1.5,2
115,29,50.0,52.0,-3.0,0.0,51.0,-1.5,1
116,29,52.0,54.0,-3.0,0.0,53.0,-1.5,5
117,29,54.0,56.0,-3.0,0.0,55.0,-1.5,5
118,29,56.0,58.0,-3.0,0.0,57.0,-1.5,10
119,29,58.0,60.0,-3.0,0.0,59.0,-1.5,8
120,29,60.0,62.0,-3.0,0.0,61.0,-1.5,8
121,29,62.0,64.0,-3.0,0.0,63.0,-1.5,1
122,29,64.0,66.0,-3.0,0.0,65.0,-1.5,2
125,29,70.0,72.0,-3.0,0.0,71.0,-1.5,5
127,29,74.0,76.0,-3.0,0.0,75.0,-1.5,5
128,29,76.0,78.0,-3.0,0.0,77.0,-1.5,8
129,29,78.0,80.0,-3.0,0.0,79.0,-1.5,1
130,29,80.0,82.0,-3.0,0.0,81.0,-1.5,2
131,29,82.0,84.0,-3.0,0.0,83.0,-1.5,8
132,29,84.0,86.0,-3.0,0.0,85.0,-1.5,1
133,29,86.0,88.0,-3.0,0.0,87.0,-1.5,2
134,29,88.0,90.0,-3.0,0.0,89.0,-1.5,5
135,29,90.0,92.0,-3.0,0.0,91.0,-1.5,20
136,29,92.0,94.0,-3.0,0.0,93.0,-1.5,1
137,29,94.0,96.0,-3.0,0.0,95.0,-1.5,1
138,29,96.0,98.0,-3.0,0.0,97.0,-1.5,3
139,29,98.0,100.0,-3.0,0.0,99.0,-1.5,1
143,29,106.0,108.0,-3.0,0.0,107.0,-1.5,1
144,29,108.0,110.0,-3.0,0.0,109.0,-1.5,2
145,29,110.0,112.0,-3.0,0.0,111.0,-1.5,1
166,29,152.0,154.0,-3.0,0.0,153.0,-1.5,3
167,29,154.0,156.0,-3.0,0.0,155.0,-1.5,4
171,29,162.0,164.0,-3.0,0.0,163.0,-1.5,2
175,29,170.0,172.0,-3.0,0.0,171.0,-1.5,2
176,29,172.0,174.0,-3.0,0.0,173.0,-1.5,1
177,29,174.0,176.0,-3.0,0.0,175.0,-1.5,1
178,29,176.0,178.0,-3.0,0.0,177.0,-1.5,1
113,30,46.0,48.0,0.0,3.0,47.0,1.5,2
114,30,48.0,50.0,0.0,3.0,49.0,1.5,2
116,30,52.0,54.0,0.0,3.0,53.0,1.5,1
123,30,66.0,68.0,0.0,3.0,67.0,1.5,1
124,30,68.0,70.0,0.0,3.0,69.0,1.5,1
125,30,70.0,72.0,0.0,3.0,71.0,1.5,2
126,30,72.0,74.0,0.0,3.0,73.0,1.5,1
127,30,74.0,76.0,0.0,3.0,75.0,1.5,3
128,30,76.0,78.0,0.0,3.0,77.0,1.5,3
129,30,78.0,80.0,0.0,3.0,79.0,1.5,2
133,30,86.0,88.0,0.0,3.0,87.0,1.5,2
134,30,88.0,90.0,0.0,3.0,89.0,1.5,1
135,30,90.0,92.0,0.0,3.0,91.0,1.5,3
141,30,102.0,104.0,0.0,3.0,103.0,1.5,4
142,30,104.0,106.0,0.0,3.0,105.0,1.5,12
143,30,106.0,108.0,0.0,3.0,107.0,1.5,20
144,30,108.0,110.0,0.0,3.0,109.0,1.5,11
152,30,124.0,126.0,0.0,3.0,125.0,1.5,1
153,30,126.0,128.0,0.0,3.0,127.0,1.5,6
155,30,130.0,132.0,0.0,3.0,131.0,1.5,1
156,30,132.0,134.0,0.0,3.0,133.0,1.5,3
157,30,134.0,136.0,0.0,3.0,135.0,1.5,3
161,30,142.0,144.0,0.0,3.0,143.0,1.5,1
162,30,144.0,146.0,0.0,3.0,145.0,1.5,6
163,30,146.0,148.0,0.0,3.0,147.0,1.5,8
164,30,148.0,150.0,0.0,3.0,149.0,1.5,6
165,30,150.0,152.0,0.0,3.0,151.0,1.5,14
166,30,152.0,154.0,0.0,3.0,153.0,1.5,3
167,30,154.0,156.0,0.0,3.0,155.0,1.5,5
168,30,156.0,158.0,0.0,3.0,157.0,1.5,3
171,30,162.0,164.0,0.0,3.0,163.0,1.5,4
174,30,168.0,170.0,0.0,3.0,169.0,1.5,6
175,30,170.0,172.0,0.0,3.0,171.0,1.5,1
176,30,172.0,174.0,0.0,3.0,173.0,1.5,1
178,30,176.0,178.0,0.0,3.0,177.0,1.5,1
179,30,178.0,180.0,0.0,3.0,179.0,1.5,4
112,31,44.0,46.0,3.0,6.0,45.0,4.5,1
113,31,46.0,48.0,3.0,6.0,47.0,4.5,1
114,31,48.0,50.0,3.0,6.0,49.0,4.5,6
115,31,50.0,52.0,3.0,6.0,51.0,4.5,21
116,31,52.0,54.0,3.0,6.0,53.0,4.5,19
117,31,54.0,56.0,3.0,6.0,55.0,4.5,5
118,31,56.0,58.0,3.0,6.0,57.0,4.5,7
119,31,58.0,60.0,3.0,6.0,59.0,4.5,3
120,31,60.0,62.0,3.0,6.0,61.0,4.5,6
121,31,62.0,64.0,3.0,6.0,63.0,4.5,2
122,31,64.0,66.0,3.0,6.0,65.0,4.5,1
123,31,66.0,68.0,3.0,6.0,67.0,4.5,1
124,31,68.0,70.0,3.0,6.0,69.0,4.5,1
126,31,72.0,74.0,3.0,6.0,73.0,4.5,4
127,31,74.0,76.0,3.0,6.0,75.0,4.5,6
128,31,76.0,78.0,3.0,6.0,77.0,4.5,3
129,31,78.0,80.0,3.0,6.0,79.0,4.5,1
132,31,84.0,86.0,3.0,6.0,85.0,4.5,5
133,31,86.0,88.0,3.0,6.0,87.0,4.5,21
134,31,88.0,90.0,3.0,6.0,89.0,4.5,11
135,31,90.0,92.0,3.0,6.0,91.0,4.5,14
136,31,92.0,94.0,3.0,6.0,93.0,4.5,10
137,31,94.0,96.0,3.0,6.0,95.0,4.5,5
138,31,96.0,98.0,3.0,6.0,97.0,4.5,3
139,31,98.0,100.0,3.0,6.0,99.0,4.5,2
140,31,100.0,102.0,3.0,6.0,101.0,4.5,10
141,31,102.0,104.0,3.0,6.0,103.0,4.5,18
142,31,104.0,106.0,3.0,6.0,105.0,4.5,66
143,31,106.0,108.0,3.0,6.0,107.0,4.5,40
144,31,108.0,110.0,3.0,6.0,109.0,4.5,64
145,31,110.0,112.0,3.0,6.0,111.0,4.5,31
146,31,112.0,114.0,3.0,6.0,113.0,4.5,19
147,31,114.0,116.0,3.0,6.0,115.0,4.5,4
149,31,118.0,120.0,3.0,6.0,119.0,4.5,5
150,31,120.0,122.0,3.0,6.0,121.0,4.5,2
151,31,122.0,124.0,3.0,6.0,123.0,4.5,2
152,31,124.0,126.0,3.0,6.0,125.0,4.5,5
153,31,126.0,128.0,3.0,6.0,127.0,4.5,10
154,31,128.0,130.0,3.0,6.0,129.0,4.5,14
155,31,130.0,132.0,3.0,6.0,131.0,4.5,21
156,31,132.0,134.0,3.0,6.0,133.0,4.5,28
157,31,134.0,136.0,3.0,6.0,135.0,4.5,5
158,31,136.0,138.0,3.0,6.0,137.0,4.5,6
159,31,138.0,140.0,3.0,6.0,139.0,4.5,8
160,31,140.0,142.0,3.0,6.0,141.0,4.5,24
161,31,142.0,144.0,3.0,6.0,143.0,4.5,32
162,31,144.0,146.0,3.0,6.0,145.0,4.5,37
163,31,146.0,148.0,3.0,6.0,147.0,4.5,60
164,31,148.0,150.0,3.0,6.0,149.0,4.5,26
165,31,150.0,152.0,3.0,6.0,151.0,4.5,22
166,31,152.0,154.0,3.0,6.0,153.0,4.5,15
167,31,154.0,156.0,3.0,6.0,155.0,4.5,10
168,31,156.0,158.0,3.0,6.0,157.0,4.5,8
169,31,158.0,160.0,3.0,6.0,159.0,4.5,10
170,31,160.0,162.0,3.0,6.0,161.0,4.5,9
171,31,162.0,164.0,3.0,6.0,163.0,4.5,5
172,31,164.0,166.0,3.0,6.0,165.0,4.5,5
173,31,166.0,168.0,3.0,6.0,167.0,4.5,17
174,31,168.0,170.0,3.0,6.0,169.0,4.5,17
175,31,170.0,172.0,3.0,6.0,171.0,4.5,17
176,31,172.0,174.0,3.0,6.0,173.0,4.5,28
177,31,174.0,176.0,3.0,6.0,175.0,4.5,6
178,31,176.0,178.0,3.0,6.0,177.0,4.5,9
179,31,178.0,180.0,3.0,6.0,179.0,4.5,1
114,32,48.0,50.0,6.0,9.0,49.0,7.5,1
115,32,50.0,52.0,6.0,9.0,51.0,7.5,7
116,32,52.0,54.0,6.0,9.0,53.0,7.5,19
117,32,54.0,56.0,6.0,9.0,55.0,7.5,23
118,32,56.0,58.0,6.0,9.0,57.0,7.5,15
119,32,58.0,60.0,6.0,9.0,59.0,7.5,9
120,32,60.0,62.0,6.0,9.0,61.0,7.5,15
121,32,62.0,64.0,6.0,9.0,63.0,7.5,10
122,32,64.0,66.0,6.0,9.0,65.0,7.5,19
123,32,66.0,68.0,6.0,9.0,67.0,7.5,17
124,32,68.0,70.0,6.0,9.0,69.0,7.5,17
125,32,70.0,72.0,6.0,9.0,71.0,7.5,11
126,32,72.0,74.0,6.0,9.0,73.0,7.5,7
127,32,74.0,76.0,6.0,9.0,75.0,7.5,5
128,32,76.0,78.0,6.0,9.0,77.0,7.5,4
129,32,78.0,80.0,6.0,9.0,79.0,7.5,17
130,32,80.0,82.0,6.0,9.0,81.0,7.5,3
131,32,82.0,84.0,6.0,9.0,83.0,7.5,30
132,32,84.0,86.0,6.0,9.0,85.0,7.5,29
133,32,86.0,88.0,6.0,9.0,87.0,7.5,58
134,32,88.0,90.0,6.0,9.0,89.0,7.5,15
135,32,90.0,92.0,6.0,9.0,91.0,7.5,30
136,32,92.0,94.0,6.0,9.0,93.0,7.5,19
137,32,94.0,96.0,6.0,9.0,95.0,7.5,13
138,32,96.0,98.0,6.0,9.0,97.0,7.5,25
139,32,98.0,100.0,6.0,9.0,99.0,7.5,12
140,32,100.0,102.0,6.0,9.0,101.0,7.5,33
141,32,102.0,104.0,6.0,9.0,103.0,7.5,31
142,32,104.0,106.0,6.0,9.0,105.0,7.5,55
143,32,106.0,108.0,6.0,9.0,107.0,7.5,91
144,32,108.0,110.0,6.0,9.0,109.0,7.5,156
145,32,110.0,112.0,6.0,9.0,111.0,7.5,162
146,32,112.0,114.0,6.0,9.0,113.0,7.5,85
147,32,114.0,116.0,6.0,9.0,115.0,7.5,81
148,32,116.0,118.0,6.0,9.0,117.0,7.5,38
149,32,118.0,120.0,6.0,9.0,119.0,7.5,54
150,32,120.0,122.0,6.0,9.0,121.0,7.5,31
151,32,122.0,124.0,6.0,9.0,123.0,7.5,26
152,32,124.0,126.0,6.0,9.0,125.0,7.5,5
153,32,126.0,128.0,6.0,9.0,127.0,7.5,43
154,32,128.0,130.0,6.0,9.0,129.0,7.5,97
155,32,130.0,132.0,6.0,9.0,131.0,7.5,57
156,32,132.0,134.0,6.0,9.0,133.0,7.5,95
157,32,134.0,136.0,6.0,9.0,135.0,7.5,59
158,32,136.0,138.0,6.0,9.0,137.0,7.5,61
159,32,138.0,140.0,6.0,9.0,139.0,7.5,38
160,32,140.0,142.0,6.0,9.0,141.0,7.5,49
161,32,142.0,144.0,6.0,9.0,143.0,7.5,40
162,32,144.0,146.0,6.0,9.0,145.0,7.5,46
163,32,146.0,148.0,6.0,9.0,147.0,7.5,35
164,32,148.0,150.0,6.0,9.0,149.0,7.5,21
165,32,150.0,152.0,6.0,9.0,151.0,7.5,24
166,32,152.0,154.0,6.0,9.0,153.0,7.5,18
167,32,154.0,156.0,6.0,9.0,155.0,7.5,33
168,32,156.0,158.0,6.0,9.0,157.0,7.5,19
169,32,158.0,160.0,6.0,9.0,159.0,7.5,31
170,32,160.0,162.0,6.0,9.0,161.0,7.5,28
171,32,162.0,164.0,6.0,9.0,163.0,7.5,25
172,32,164.0,166.0,6.0,9.0,165.0,7.5,30
173,32,166.0,168.0,6.0,9.0,167.0,7.5,14
174,32,168.0,170.0,6.0,9.0,169.0,7.5,25
175,32,170.0,172.0,6.0,9.0,171.0,7.5,17
176,32,172.0,174.0,6.0,9.0,173.0,7.5,20
177,32,174.0,176.0,6.0,9.0,175.0,7.5,12
178,32,176.0,178.0,6.0,9.0,177.0,7.5,13
179,32,178.0,180.0,6.0,9.0,179.0,7.5,10
112,33,44.0,46.0,9.0,12.0,45.0,10.5,4
113,33,46.0,48.0,9.0,12.0,47.0,10.5,4
114,33,48.0,50.0,9.0,12.0,49.0,10.5,4
115,33,50.0,52.0,9.0,12.0,51.0,10.5,8
116,33,52.0,54.0,9.0,12.0,53.0,10.5,12
117,33,54.0,56.0,9.0,12.0,55.0,10.5,24
118,33,56.0,58.0,9.0,12.0,57.0,10.5,18
119,33,58.0,60.0,9.0,12.0,59.0,10.5,17
120,33,60.0,62.0,9.0,12.0,61.0,10.5,20
121,33,62.0,64.0,9.0,12.0,63.0,10.5,23
122,33,64.0,66.0,9.0,12.0,65.0,10.5,34
123,33,66.0,68.0,9.0,12.0,67.0,10.5,11
124,33,68.0,70.0,9.0,12.0,69.0,10.5,28
125,33,70.0,72.0,9.0,12.0,71.0,10.5,14
126,33,72.0,74.0,9.0,12.0,73.0,10.5,27
127,33,74.0,76.0,9.0,12.0,75.0,10.5,14
128,33,76.0,78.0,9.0,12.0,77.0,10.5,4
129,33,78.0,80.0,9.0,12.0,79.0,10.5,26
130,33,80.0,82.0,9.0,12.0,81.0,10.5,40
131,33,82.0,84.0,9.0,12.0,83.0,10.5,41
132,33,84.0,86.0,9.0,12.0,85.0,10.5,25
133,33,86.0,88.0,9.0,12.0,87.0,10.5,35
134,33,88.0,90.0,9.0,12.0,89.0,10.5,25
135,33,90.0,92.0,9.0,12.0,91.0,10.5,20
136,33,92.0,94.0,9.0,12.0,93.0,10.5,31
137,33,94.0,96.0,9.0,12.0,95.0,10.5,33
138,33,96.0,98.0,9.0,12.0,97.0,10.5,39
139,33,98.0,100.0,9.0,12.0,99.0,10.5,17
140,33,100.0,102.0,9.0,12.0,101.0,10.5,43
141,33,102.0,104.0,9.0,12.0,103.0,10.5,15
142,33,104.0,106.0,9.0,12.0,105.0,10.5,41
143,33,106.0,108.0,9.0,12.0,107.0,10.5,44
144,33,108.0,110.0,9.0,12.0,109.0,10.5,111
145,33,110.0,112.0,9.0,12.0,111.0,10.5,252
146,33,112.0,114.0,9.0,12.0,113.0,10.5,166
147,33,114.0,116.0,9.0,12.0,115.0,10.5,157
148,33,116.0,118.0,9.0,12.0,117.0,10.5,90
149,33,118.0,120.0,9.0,12.0,119.0,10.5,109
150,33,120.0,122.0,9.0,12.0,121.0,10.5,94
151,33,122.0,124.0,9.0,12.0,123.0,10.5,87
152,33,124.0,126.0,9.0,12.0,125.0,10.5,81
153,33,126.0,128.0,9.0,12.0,127.0,10.5,144
154,33,128.0,130.0,9.0,12.0,129.0,10.5,217
155,33,130.0,132.0,9.0,12.0,131.0,10.5,132
156,33,132.0,134.0,9.0,12.0,133.0,10.5,147
157,33,134.0,136.0,9.0,12.0,135.0,10.5,75
158,33,136.0,138.0,9.0,12.0,137.0,10.5,88
159,33,138.0,140.0,9.0,12.0,139.0,10.5,58
160,33,140.0,142.0,9.0,12.0,141.0,10.5,94
161,33,142.0,144.0,9.0,12.0,143.0,10.5,63
162,33,144.0,146.0,9.0,12.0,145.0,10.5,60
163,33,146.0,148.0,9.0,12.0,147.0,10.5,55
164,33,148.0,150.0,9.0,12.0,149.0,10.5,55
165,33,150.0,152.0,9.0,12.0,151.0,10.5,56
166,33,152.0,154.0,9.0,12.0,153.0,10.5,40
167,33,154.0,156.0,9.0,12.0,155.0,10.5,52
168,33,156.0,158.0,9.0,12.0,157.0,10.5,38
169,33,158.0,160.0,9.0,12.0,159.0,10.5,56
170,33,160.0,162.0,9.0,12.0,161.0,10.5,36
171,33,162.0,164.0,9.0,12.0,163.0,10.5,48
172,33,164.0,166.0,9.0,12.0,165.0,10.5,50
173,33,166.0,168.0,9.0,12.0,167.0,10.5,22
174,33,168.0,170.0,9.0,12.0,169.0,10.5,30
175,33,170.0,172.0,9.0,12.0,171.0,10.5,16
176,33,172.0,174.0,9.0,12.0,173.0,10.5,26
177,33,174.0,176.0,9.0,12.0,175.0,10.5,18
178,33,176.0,178.0,9.0,12.0,177.0,10.5,22
179,33,178.0,180.0,9.0,12.0,179.0,10.5,10
112,34,44.0,46.0,12.0,15.0,45.0,13.5,57
113,34,46.0,48.0,12.0,15.0,47.0,13.5,3
114,34,48.0,50.0,12.0,15.0,49.0,13.5,6
115,34,50.0,52.0,12.0,15.0,51.0,13.5,16
116,34,52.0,54.0,12.0,15.0,53.0,13.5,22
117,34,54.0,56.0,12.0,15.0,55.0,13.5,29
118,34,56.0,58.0,12.0,15.0,57.0,13.5,37
119,34,58.0,60.0,12.0,15.0,59.0,13.5,30
120,34,60.0,62.0,12.0,15.0,61.0,13.5,52
121,34,62.0,64.0,12.0,15.0,63.0,13.5,29
122,34,64.0,66.0,12.0,15.0,65.0,13.5,40
123,34,66.0,68.0,12.0,15.0,67.0,13.5,27
124,34,68.0,70.0,12.0,15.0,69.0,13.5,53
125,34,70.0,72.0,12.0,15.0,71.0,13.5,22
126,34,72.0,74.0,12.0,15.0,73.0,13.5,38
127,34,74.0,76.0,12.0,15.0,75.0,13.5,27
128,34,76.0,78.0,12.0,15.0,77.0,13.5,24
129,34,78.0,80.0,12.0,15.0,79.0,13.5,53
130,34,80.0,82.0,12.0,15.0,81.0,13.5,70
131,34,82.0,84.0,12.0,15.0,83.0,13.5,85
132,34,84.0,86.0,12.0,15.0,85.0,13.5,44
133,34,86.0,88.0,12.0,15.0,87.0,13.5,24
134,34,88.0,90.0,12.0,15.0,89.0,13.5,14
135,34,90.0,92.0,12.0,15.0,91.0,13.5,15
136,34,92.0,94.0,12.0,15.0,93.0,13.5,24
137,34,94.0,96.0,12.0,15.0,95.0,13.5,16
138,34,96.0,98.0,12.0,15.0,97.0,13.5,13
139,34,98.0,100.0,12.0,15.0,99.0,13.5,3
140,34,100.0,102.0,12.0,15.0,101.0,13.5,41
141,34,102.0,104.0,12.0,15.0,103.0,13.5,16
142,34,104.0,106.0,12.0,15.0,105.0,13.5,45
143,34,106.0,108.0,12.0,15.0,107.0,13.5,36
144,34,108.0,110.0,12.0,15.0,109.0,13.5,105
145,34,110.0,112.0,12.0,15.0,111.0,13.5,328
146,34,112.0,114.0,12.0,15.0,113.0,13.5,326
147,34,114.0,116.0,12.0,15.0,115.0,13.5,319
148,34,116.0,118.0,12.0,15.0,117.0,13.5,213
149,34,118.0,120.0,12.0,15.0,119.0,13.5,234
150,34,120.0,122.0,12.0,15.0,121.0,13.5,121
151,34,122.0,124.0,12.0,15.0,123.0,13.5,237
152,34,124.0,126.0,12.0,15.0,125.0,13.5,218
153,34,126.0,128.0,12.0,15.0,127.0,13.5,308
154,34,128.0,130.0,12.0,15.0,129.0,13.5,232
155,34,130.0,132.0,12.0,15.0,131.0,13.5,185
156,34,132.0,134.0,12.0,15.0,133.0,13.5,201
157,34,134.0,136.0,12.0,15.0,135.0,13.5,127
158,34,136.0,138.0,12.0,15.0,137.0,13.5,181
159,34,138.0,140.0,12.0,15.0,139.0,13.5,120
160,34,140.0,142.0,12.0,15.0,141.0,13.5,173
161,34,142.0,144.0,12.0,15.0,143.0,13.5,98
162,34,144.0,146.0,12.0,15.0,145.0,13.5,127
163,34,146.0,148.0,12.0,15.0,147.0,13.5,123
164,34,148.0,150.0,12.0,15.0,149.0,13.5,112
165,34,150.0,152.0,12.0,15.0,151.0,13.5,119
166,34,152.0,154.0,12.0,15.0,153.0,13.5,77
167,34,154.0,156.0,12.0,15.0,155.0,13.5,96
168,34,156.0,158.0,12.0,15.0,157.0,13.5,62
169,34,158.0,160.0,12.0,15.0,159.0,13.5,57
170,34,160.0,162.0,12.0,15.0,161.0,13.5,59
171,34,162.0,164.0,12.0,15.0,163.0,13.5,59
172,34,164.0,166.0,12.0,15.0,165.0,13.5,52
173,34,166.0,168.0,12.0,15.0,167.0,13.5,29
174,34,168.0,170.0,12.0,15.0,169.0,13.5,50
175,34,170.0,172.0,12.0,15.0,171.0,13.5,41
176,34,172.0,174.0,12.0,15.0,173.0,13.5,46
177,34,174.0,176.0,12.0,15.0,175.0,13.5,31
178,34,176.0,178.0,12.0,15.0,177.0,13.5,38
179,34,178.0,180.0,12.0,15.0,179.0,13.5,26
112,35,44.0,46.0,15.0,18.0,45.0,16.5,2
113,35,46.0,48.0,15.0,18.0,47.0,16.5,13
114,35,48.0,50.0,15.0,18.0,49.0,16.5,9
115,35,50.0,52.0,15.0,18.0,51.0,16.5,19
116,35,52.0,54.0,15.0,18.0,53.0,16.5,34
117,35,54.0,56.0,15.0,18.0,55.0,16.5,39
118,35,56.0,58.0,15.0,18.0,57.0,16.5,58
119,35,58.0,60.0,15.0,18.0,59.0,16.5,59
120,35,60.0,62.0,15.0,18.0,61.0,16.5,52
121,35,62.0,64.0,15.0,18.0,63.0,16.5,38
122,35,64.0,66.0,15.0,18.0,65.0,16.5,53
123,35,66.0,68.0,15.0,18.0,67.0,16.5,26
124,35,68.0,70.0,15.0,18.0,69.0,16.5,25
125,35,70.0,72.0,15.0,18.0,71.0,16.5,17
126,35,72.0,74.0,15.0,18.0,73.0,16.5,23
127,35,74.0,76.0,15.0,18.0,75.0,16.5,10
128,35,76.0,78.0,15.0,18.0,77.0,16.5,14
129,35,78.0,80.0,15.0,18.0,79.0,16.5,22
130,35,80.0,82.0,15.0,18.0,81.0,16.5,40
131,35,82.0,84.0,15.0,18.0,83.0,16.5,111
132,35,84.0,86.0,15.0,18.0,85.0,16.5,90
133,35,86.0,88.0,15.0,18.0,87.0,16.5,41
134,35,88.0,90.0,15.0,18.0,89.0,16.5,23
135,35,90.0,92.0,15.0,18.0,91.0,16.5,23
136,35,92.0,94.0,15.0,18.0,93.0,16.5,9
137,35,94.0,96.0,15.0,18.0,95.0,16.5,1
138,35,96.0,98.0,15.0,18.0,97.0,16.5,1
139,35,98.0,100.0,15.0,18.0,99.0,16.5,2
140,35,100.0,102.0,15.0,18.0,101.0,16.5,3
141,35,102.0,104.0,15.0,18.0,103.0,16.5,27
142,35,104.0,106.0,15.0,18.0,105.0,16.5,65
143,35,106.0,108.0,15.0,18.0,107.0,16.5,85
144,35,108.0,110.0,15.0,18.0,109.0,16.5,237
145,35,110.0,112.0,15.0,18.0,111.0,16.5,378
146,35,112.0,114.0,15.0,18.0,113.0,16.5,337
147,35,114.0,116.0,15.0,18.0,115.0,16.5,373
148,35,116.0,118.0,15.0,18.0,117.0,16.5,259
149,35,118.0,120.0,15.0,18.0,119.0,16.5,232
150,35,120.0,122.0,15.0,18.0,121.0,16.5,70
151,35,122.0,124.0,15.0,18.0,123.0,16.5,185
152,35,124.0,126.0,15.0,18.0,125.0,16.5,195
153,35,126.0,128.0,15.0,18.0,127.0,16.5,327
154,35,128.0,130.0,15.0,18.0,129.0,16.5,282
155,35,130.0,132.0,15.0,18.0,131.0,16.5,225
156,35,132.0,134.0,15.0,18.0,133.0,16.5,263
157,35,134.0,136.0,15.0,18.0,135.0,16.5,189
158,35,136.0,138.0,15.0,18.0,137.0,16.5,172
159,35,138.0,140.0,15.0,18.0,139.0,16.5,152
160,35,140.0,142.0,15.0,18.0,141.0,16.5,201
161,35,142.0,144.0,15.0,18.0,143.0,16.5,133
162,35,144.0,146.0,15.0,18.0,145.0,16.5,135
163,35,146.0,148.0,15.0,18.0,147.0,16.5,131
164,35,148.0,150.0,15.0,18.0,149.0,16.5,94
165,35,150.0,152.0,15.0,18.0,151.0,16.5,104
166,35,152.0,154.0,15.0,18.0,153.0,16.5,90
167,35,154.0,156.0,15.0,18.0,155.0,16.5,110
168,35,156.0,158.0,15.0,18.0,157.0,16.5,63
169,35,158.0,160.0,15.0,18.0,159.0,16.5,65
170,35,160.0,162.0,15.0,18.0,161.0,16.5,41
171,35,162.0,164.0,15.0,18.0,163.0,16.5,43
172,35,164.0,166.0,15.0,18.0,165.0,16.5,39
173,35,166.0,168.0,15.0,18.0,167.0,16.5,25
174,35,168.0,170.0,15.0,18.0,169.0,16.5,47
175,35,170.0,172.0,15.0,18.0,171.0,16.5,22
176,35,172.0,174.0,15.0,18.0,173.0,16.5,42
177,35,174.0,176.0,15.0,18.0,175.0,16.5,24
178,35,176.0,178.0,15.0,18.0,177.0,16.5,37
179,35,178.0,180.0,15.0,18.0,179.0,16.5,19
111,36,42.0,44.0,18.0,21.0,43.0,19.5,1
113,36,46.0,48.0,18.0,21.0,47.0,19.5,7
114,36,48.0,50.0,18.0,21.0,49.0,19.5,10
115,36,50.0,52.0,18.0,21.0,51.0,19.5,11
116,36,52.0,54.0,18.0,21.0,53.0,19.5,8
117,36,54.0,56.0,18.0,21.0,55.0,19.5,33
118,36,56.0,58.0,18.0,21.0,57.0,19.5,15
119,36,58.0,60.0,18.0,21.0,59.0,19.5,35
120,36,60.0,62.0,18.0,21.0,61.0,19.5,121
121,36,62.0,64.0,18.0,21.0,63.0,19.5,80
122,36,64.0,66.0,18.0,21.0,65.0,19.5,85
123,36,66.0,68.0,18.0,21.0,67.0,19.5,40
124,36,68.0,70.0,18.0,21.0,69.0,19.5,99
125,36,70.0,72.0,18.0,21.0,71.0,19.5,81
126,36,72.0,74.0,18.0,21.0,73.0,19.5,54
127,36,74.0,76.0,18.0,21.0,75.0,19.5,6
128,36,76.0,78.0,18.0,21.0,77.0,19.5,7
129,36,78.0,80.0,18.0,21.0,79.0,19.5,16
130,36,80.0,82.0,18.0,21.0,81.0,19.5,20
131,36,82.0,84.0,18.0,21.0,83.0,19.5,34
132,36,84.0,86.0,18.0,21.0,85.0,19.5,38
133,36,86.0,88.0,18.0,21.0,87.0,19.5,97
134,36,88.0,90.0,18.0,21.0,89.0,19.5,63
135,36,90.0,92.0,18.0,21.0,91.0,19.5,68
136,36,92.0,94.0,18.0,21.0,93.0,19.5,19
140,36,100.0,102.0,18.0,21.0,101.0,19.5,1
141,36,102.0,104.0,18.0,21.0,103.0,19.5,1
142,36,104.0,106.0,18.0,21.0,105.0,19.5,39
143,36,106.0,108.0,18.0,21.0,107.0,19.5,136
144,36,108.0,110.0,18.0,21.0,109.0,19.5,197
145,36,110.0,112.0,18.0,21.0,111.0,19.5,254
146,36,112.0,114.0,18.0,21.0,113.0,19.5,195
147,36,114.0,116.0,18.0,21.0,115.0,19.5,229
148,36,116.0,118.0,18.0,21.0,117.0,19.5,179
149,36,118.0,120.0,18.0,21.0,119.0,19.5,208
150,36,120.0,122.0,18.0,21.0,121.0,19.5,131
151,36,122.0,124.0,18.0,21.0,123.0,19.5,187
152,36,124.0,126.0,18.0,21.0,125.0,19.5,200
153,36,126.0,128.0,18.0,21.0,127.0,19.5,330
154,36,128.0,130.0,18.0,21.0,129.0,19.5,327
155,36,130.0,132.0,18.0,21.0,131.0,19.5,272
156,36,132.0,134.0,18.0,21.0,133.0,19.5,278
157,36,134.0,136.0,18.0,21.0,135.0,19.5,206
158,36,136.0,138.0,18.0,21.0,137.0,19.5,247
159,36,138.0,140.0,18.0,21.0,139.0,19.5,148
160,36,140.0,142.0,18.0,21.0,141.0,19.5,170
161,36,142.0,144.0,18.0,21.0,143.0,19.5,149
162,36,144.0,146.0,18.0,21.0,145.0,19.5,205
163,36,146.0,148.0,18.0,21.0,147.0,19.5,191
164,36,148.0,150.0,18.0,21.0,149.0,19.5,115
165,36,150.0,152.0,18.0,21.0,151.0,19.5,127
166,36,152.0,154.0,18.0,21.0,153.0,19.5,94
167,36,154.0,156.0,18.0,21.0,155.0,19.5,106
168,36,156.0,158.0,18.0,21.0,157.0,19.5,43
169,36,158.0,160.0,18.0,21.0,159.0,19.5,72
170,36,160.0,162.0,18.0,21.0,161.0,19.5,47
171,36,162.0,164.0,18.0,21.0,163.0,19.5,69
172,36,164.0,166.0,18.0,21.0,165.0,19.5,61
173,36,166.0,168.0,18.0,21.0,167.0,19.5,39
174,36,168.0,170.0,18.0,21.0,169.0,19.5,46
175,36,170.0,172.0,18.0,21.0,171.0,19.5,48
176,36,172.0,174.0,18.0,21.0,173.0,19.5,44
177,36,174.0,176.0,18.0,21.0,175.0,19.5,18
178,36,176.0,178.0,18.0,21.0,177.0,19.5,26
179,36,178.0,180.0,18.0,21.0,179.0,19.5,29
111,37,42.0,44.0,21.0,24.0,43.0,22.5,2
112,37,44.0,46.0,21.0,24.0,45.0,22.5,8
113,37,46.0,48.0,21.0,24.0,47.0,22.5,7
114,37,48.0,50.0,21.0,24.0,49.0,22.5,5
115,37,50.0,52.0,21.0,24.0,51.0,22.5,4
116,37,52.0,54.0,21.0,24.0,53.0,22.5,17
117,37,54.0,56.0,21.0,24.0,55.0,22.5,9
118,37,56.0,58.0,21.0,24.0,57.0,22.5,17
119,37,58.0,60.0,21.0,24.0,59.0,22.5,41
120,37,60.0,62.0,21.0,24.0,61.0,22.5,110
121,37,62.0,64.0,21.0,24.0,63.0,22.5,103
122,37,64.0,66.0,21.0,24.0,65.0,22.5,180
123,37,66.0,68.0,21.0,24.0,67.0,22.5,167
124,37,68.0,70.0,21.0,24.0,69.0,22.5,209
125,37,70.0,72.0,21.0,24.0,71.0,22.5,59
126,37,72.0,74.0,21.0,24.0,73.0,22.5,34
127,37,74.0,76.0,21.0,24.0,75.0,22.5,12
128,37,76.0,78.0,21.0,24.0,77.0,22.5,6
129,37,78.0,80.0,21.0,24.0,79.0,22.5,22
130,37,80.0,82.0,21.0,24.0,81.0,22.5,22
131,37,82.0,84.0,21.0,24.0,83.0,22.5,50
132,37,84.0,86.0,21.0,24.0,85.0,22.5,40
133,37,86.0,88.0,21.0,24.0,87.0,22.5,62
134,37,88.0,90.0,21.0,24.0,89.0,22.5,72
135,37,90.0,92.0,21.0,24.0,91.0,22.5,35
136,37,92.0,94.0,21.0,24.0,93.0,22.5,1
137,37,94.0,96.0,21.0,24.0,95.0,22.5,2
142,37,104.0,106.0,21.0,24.0,105.0,22.5,16
143,37,106.0,108.0,21.0,24.0,107.0,22.5,16
144,37,108.0,110.0,21.0,24.0,109.0,22.5,41
145,37,110.0,112.0,21.0,24.0,111.0,22.5,55
146,37,112.0,114.0,21.0,24.0,113.0,22.5,69
147,37,114.0,116.0,21.0,24.0,115.0,22.5,136
148,37,116.0,118.0,21.0,24.0,117.0,22.5,111
149,37,118.0,120.0,21.0,24.0,119.0,22.5,160
150,37,120.0,122.0,21.0,24.0,121.0,22.5,91
151,37,122.0,124.0,21.0,24.0,123.0,22.5,228
152,37,124.0,126.0,21.0,24.0,125.0,22.5,244
153,37,126.0,128.0,21.0,24.0,127.0,22.5,286
154,37,128.0,130.0,21.0,24.0,129.0,22.5,322
155,37,130.0,132.0,21.0,24.0,131.0,22.5,235
156,37,132.0,134.0,21.0,24.0,133.0,22.5,270
157,37,134.0,136.0,21.0,24.0,135.0,22.5,188
158,37,136.0,138.0,21.0,24.0,137.0,22.5,213
159,37,138.0,140.0,21.0,24.0,139.0,22.5,158
160,37,140.0,142.0,21.0,24.0,141.0,22.5,213
161,37,142.0,144.0,21.0,24.0,143.0,22.5,166
162,37,144.0,146.0,21.0,24.0,145.0,22.5,223
163,37,146.0,148.0,21.0,24.0,147.0,22.5,187
164,37,148.0,150.0,21.0,24.0,149.0,22.5,118
165,37,150.0,152.0,21.0,24.0,151.0,22.5,139
166,37,152.0,154.0,21.0,24.0,153.0,22.5,89
167,37,154.0,156.0,21.0,24.0,155.0,22.5,89
168,37,156.0,158.0,21.0,24.0,157.0,22.5,52
169,37,158.0,160.0,21.0,24.0,159.0,22.5,98
170,37,160.0,162.0,21.0,24.0,161.0,22.5,71
171,37,162.0,164.0,21.0,24.0,163.0,22.5,72
172,37,164.0,166.0,21.0,24.0,165.0,22.5,65
173,37,166.0,168.0,21.0,24.0,167.0,22.5,35
174,37,168.0,170.0,21.0,24.0,169.0,22.5,32
175,37,170.0,172.0,21.0,24.0,171.0,22.5,21
176,37,172.0,174.0,21.0,24.0,173.0,22.5,19
177,37,174.0,176.0,21.0,24.0,175.0,22.5,8
178,37,176.0,178.0,21.0,24.0,177.0,22.5,14
179,37,178.0,180.0,21.0,24.0,179.0,22.5,17
111,38,42.0,44.0,24.0,27.0,43.0,25.5,1
113,38,46.0,48.0,24.0,27.0,47.0,25.5,1
114,38,48.0,50.0,24.0,27.0,49.0,25.5,1
115,38,50.0,52.0,24.0,27.0,51.0,25.5,3
116,38,52.0,54.0,24.0,27.0,53.0,25.5,2
117,38,54.0,56.0,24.0,27.0,55.0,25.5,1
118,38,56.0,58.0,24.0,27.0,57.0,25.5,5
119,38,58.0,60.0,24.0,27.0,59.0,25.5,17
120,38,60.0,62.0,24.0,27.0,61.0,25.5,17
121,38,62.0,64.0,24.0,27.0,63.0,25.5,20
122,38,64.0,66.0,24.0,27.0,65.0,25.5,27
123,38,66.0,68.0,24.0,27.0,67.0,25.5,12
124,38,68.0,70.0,24.0,27.0,69.0,25.5,23
125,38,70.0,72.0,24.0,27.0,71.0,25.5,7
126,38,72.0,74.0,24.0,27.0,73.0,25.5,1
127,38,74.0,76.0,24.0,27.0,75.0,25.5,2
128,38,76.0,78.0,24.0,27.0,77.0,25.5,3
129,38,78.0,80.0,24.0,27.0,79.0,25.5,9
130,38,80.0,82.0,24.0,27.0,81.0,25.5,8
131,38,82.0,84.0,24.0,27.0,83.0,25.5,1
132,38,84.0,86.0,24.0,27.0,85.0,25.5,8
133,38,86.0,88.0,24.0,27.0,87.0,25.5,6
134,38,88.0,90.0,24.0,27.0,89.0,25.5,6
135,38,90.0,92.0,24.0,27.0,91.0,25.5,2
136,38,92.0,94.0,24.0,27.0,93.0,25.5,1
137,38,94.0,96.0,24.0,27.0,95.0,25.5,2
144,38,108.0,110.0,24.0,27.0,109.0,25.5,1
145,38,110.0,112.0,24.0,27.0,111.0,25.5,3
146,38,112.0,114.0,24.0,27.0,113.0,25.5,10
147,38,114.0,116.0,24.0,27.0,115.0,25.5,12
148,38,116.0,118.0,24.0,27.0,117.0,25.5,23
149,38,118.0,120.0,24.0,27.0,119.0,25.5,70
150,38,120.0,122.0,24.0,27.0,121.0,25.5,80
151,38,122.0,124.0,24.0,27.0,123.0,25.5,128
152,38,124.0,126.0,24.0,27.0,125.0,25.5,128
153,38,126.0,128.0,24.0,27.0,127.0,25.5,152
154,38,128.0,130.0,24.0,27.0,129.0,25.5,167
155,38,130.0,132.0,24.0,27.0,131.0,25.5,151
156,38,132.0,134.0,24.0,27.0,133.0,25.5,165
157,38,134.0,136.0,24.0,27.0,135.0,25.5,66
158,38,136.0,138.0,24.0,27.0,137.0,25.5,112
159,38,138.0,140.0,24.0,27.0,139.0,25.5,109
160,38,140.0,142.0,24.0,27.0,141.0,25.5,141
161,38,142.0,144.0,24.0,27.0,143.0,25.5,80
162,38,144.0,146.0,24.0,27.0,145.0,25.5,137
163,38,146.0,148.0,24.0,27.0,147.0,25.5,96
164,38,148.0,150.0,24.0,27.0,149.0,25.5,110
165,38,150.0,152.0,24.0,27.0,151.0,25.5,88
166,38,152.0,154.0,24.0,27.0,153.0,25.5,42
167,38,154.0,156.0,24.0,27.0,155.0,25.5,75
168,38,156.0,158.0,24.0,27.0,157.0,25.5,33
169,38,158.0,160.0,24.0,27.0,159.0,25.5,44
170,38,160.0,162.0,24.0,27.0,161.0,25.5,32
171,38,162.0,164.0,24.0,27.0,163.0,25.5,49
172,38,164.0,166.0,24.0,27.0,165.0,25.5,43
173,38,166.0,168.0,24.0,27.0,167.0,25.5,28
174,38,168.0,170.0,24.0,27.0,169.0,25.5,23
175,38,170.0,172.0,24.0,27.0,171.0,25.5,10
176,38,172.0,174.0,24.0,27.0,173.0,25.5,8
177,38,174.0,176.0,24.0,27.0,175.0,25.5,6
178,38,176.0,178.0,24.0,27.0,177.0,25.5,13
179,38,178.0,180.0,24.0,27.0,179.0,25.5,5
119,39,58.0,60.0,27.0,30.0,59.0,28.5,2
120,39,60.0,62.0,27.0,30.0,61.0,28.5,2
121,39,62.0,64.0,27.0,30.0,63.0,28.5,4
122,39,64.0,66.0,27.0,30.0,65.0,28.5,3
124,39,68.0,70.0,27.0,30.0,69.0,28.5,3
145,39,110.0,112.0,27.0,30.0,111.0,28.5,1
146,39,112.0,114.0,27.0,30.0,113.0,28.5,7
147,39,114.0,116.0,27.0,30.0,115.0,28.5,10
148,39,116.0,118.0,27.0,30.0,117.0,28.5,12
149,39,118.0,120.0,27.0,30.0,119.0,28.5,20
150,39,120.0,122.0,27.0,30.0,121.0,28.5,30
151,39,122.0,124.0,27.0,30.0,123.0,28.5,64
152,39,124.0,126.0,27.0,30.0,125.0,28.5,54
153,39,126.0,128.0,27.0,30.0,127.0,28.5,111
154,39,128.0,130.0,27.0,30.0,129.0,28.5,121
155,39,130.0,132.0,27.0,30.0,131.0,28.5,86
156,39,132.0,134.0,27.0,30.0,133.0,28.5,104
157,39,134.0,136.0,27.0,30.0,135.0,28.5,67
158,39,136.0,138.0,27.0,30.0,137.0,28.5,74
159,39,138.0,140.0,27.0,30.0,139.0,28.5,70
160,39,140.0,142.0,27.0,30.0,141.0,28.5,74
161,39,142.0,144.0,27.0,30.0,143.0,28.5,61
162,39,144.0,146.0,27.0,30.0,145.0,28.5,108
163,39,146.0,148.0,27.0,30.0,147.0,28.5,80
164,39,148.0,150.0,27.0,30.0,149.0,28.5,60
165,39,150.0,152.0,27.0,30.0,151.0,28.5,57
166,39,152.0,154.0,27.0,30.0,153.0,28.5,47
167,39,154.0,156.0,27.0,30.0,155.0,28.5,45
168,39,156.0,158.0,27.0,30.0,157.0,28.5,20
169,39,158.0,160.0,27.0,30.0,159.0,28.5,20
170,39,160.0,162.0,27.0,30.0,161.0,28.5,31
171,39,162.0,164.0,27.0,30.0,163.0,28.5,46
172,39,164.0,166.0,27.0,30.0,165.0,28.5,39
173,39,166.0,168.0,27.0,30.0,167.0,28.5,20
174,39,168.0,170.0,27.0,30.0,169.0,28.5,10
175,39,170.0,172.0,27.0,30.0,171.0,28.5,8
176,39,172.0,174.0,27.0,30.0,173.0,28.5,10
177,39,174.0,176.0,27.0,30.0,175.0,28.5,8
178,39,176.0,178.0,27.0,30.0,177.0,28.5,10
121,40,62.0,64.0,30.0,33.0,63.0,31.5,2
122,40,64.0,66.0,30.0,33.0,65.0,31.5,1
146,40,112.0,114.0,30.0,33.0,113.0,31.5,2
147,40,114.0,116.0,30.0,33.0,115.0,31.5,3
148,40,116.0,118.0,30.0,33.0,117.0,31.5,9
149,40,118.0,120.0,30.0,33.0,119.0,31.5,22
150,40,120.0,122.0,30.0,33.0,121.0,31.5,35
151,40,122.0,124.0,30.0,33.0,123.0,31.5,31
152,40,124.0,126.0,30.0,33.0,125.0,31.5,10
153,40,126.0,128.0,30.0,33.0,127.0,31.5,52
154,40,128.0,130.0,30.0,33.0,129.0,31.5,81
155,40,130.0,132.0,30.0,33.0,131.0,31.5,38
156,40,132.0,134.0,30.0,33.0,133.0,31.5,66
157,40,134.0,136.0,30.0,33.0,135.0,31.5,51
158,40,136.0,138.0,30.0,33.0,137.0,31.5,55
159,40,138.0,140.0,30.0,33.0,139.0,31.5,47
160,40,140.0,142.0,30.0,33.0,141.0,31.5,67
161,40,142.0,144.0,30.0,33.0,143.0,31.5,63
162,40,144.0,146.0,30.0,33.0,145.0,31.5,78
163,40,146.0,148.0,30.0,33.0,147.0,31.5,59
164,40,148.0,150.0,30.0,33.0,149.0,31.5,37
165,40,150.0,152.0,30.0,33.0,151.0,31.5,62
166,40,152.0,154.0,30.0,33.0,153.0,31.5,44
167,40,154.0,156.0,30.0,33.0,155.0,31.5,48
168,40,156.0,158.0,30.0,33.0,157.0,31.5,22
169,40,158.0,160.0,30.0,33.0,159.0,31.5,24
170,40,160.0,162.0,30.0,33.0,161.0,31.5,25
171,40,162.0,164.0,30.0,33.0,163.0,31.5,21
172,40,164.0,166.0,30.0,33.0,165.0,31.5,21
173,40,166.0,168.0,30.0,33.0,167.0,31.5,11
174,40,168.0,170.0,30.0,33.0,169.0,31.5,19
175,40,170.0,172.0,30.0,33.0,171.0,31.5,9
176,40,172.0,174.0,30.0,33.0,173.0,31.5,8
177,40,174.0,176.0,30.0,33.0,175.0,31.5,2
178,40,176.0,178.0,30.0,33.0,177.0,31.5,10
179,40,178.0,180.0,30.0,33.0,179.0,31.5,8
146,41,112.0,114.0,33.0,36.0,113.0,34.5,1
147,41,114.0,116.0,33.0,36.0,115.0,34.5,2
148,41,116.0,118.0,33.0,36.0,117.0,34.5,2
149,41,118.0,120.0,33.0,36.0,119.0,34.5,4
150,41,120.0,122.0,33.0,36.0,121.0,34.5,10
151,41,122.0,124.0,33.0,36.0,123.0,34.5,13
152,41,124.0,126.0,33.0,36.0,125.0,34.5,12
153,41,126.0,128.0,33.0,36.0,127.0,34.5,19
154,41,128.0,130.0,33.0,36.0,129.0,34.5,25
155,41,130.0,132.0,33.0,36.0,131.0,34.5,9
156,41,132.0,134.0,33.0,36.0,133.0,34.5,24
157,41,134.0,136.0,33.0,36.0,135.0,34.5,15
158,41,136.0,138.0,33.0,36.0,137.0,34.5,33
159,41,138.0,140.0,33.0,36.0,139.0,34.5,19
160,41,140.0,142.0,33.0,36.0,141.0,34.5,32
161,41,142.0,144.0,33.0,36.0,143.0,34.5,28
162,41,144.0,146.0,33.0,36.0,145.0,34.5,47
163,41,146.0,148.0,33.0,36.0,147.0,34.5,31
164,41,148.0,150.0,33.0,36.0,149.0,34.5,24
165,41,150.0,152.0,33.0,36.0,151.0,34.5,34
166,41,152.0,154.0,33.0,36.0,153.0,34.5,16
167,41,154.0,156.0,33.0,36.0,155.0,34.5,41
168,41,156.0,158.0,33.0,36.0,157.0,34.5,19
169,41,158.0,160.0,33.0,36.0,159.0,34.5,13
170,41,160.0,162.0,33.0,36.0,161.0,34.5,10
171,41,162.0,164.0,33.0,36.0,163.0,34.5,27
172,41,164.0,166.0,33.0,36.0,165.0,34.5,22
173,41,166.0,168.0,33.0,36.0,167.0,34.5,9
174,41,168.0,170.0,33.0,36.0,169.0,34.5,14
175,41,170.0,172.0,33.0,36.0,171.0,34.5,5
176,41,172.0,174.0,33.0,36.0,173.0,34.5,5
177,41,174.0,176.0,33.0,36.0,175.0,34.5,2
178,41,176.0,178.0,33.0,36.0,177.0,34.5,2
179,41,178.0,180.0,33.0,36.0,179.0,34.5,4
150,42,120.0,122.0,36.0,39.0,121.0,37.5,8
151,42,122.0,124.0,36.0,39.0,123.0,37.5,6
152,42,124.0,126.0,36.0,39.0,125.0,37.5,6
153,42,126.0,128.0,36.0,39.0,127.0,37.5,10
154,42,128.0,130.0,36.0,39.0,129.0,37.5,14
155,42,130.0,132.0,36.0,39.0,131.0,37.5,9
156,42,132.0,134.0,36.0,39.0,133.0,37.5,15
157,42,134.0,136.0,36.0,39.0,135.0,37.5,10
158,42,136.0,138.0,36.0,39.0,137.0,37.5,5
159,42,138.0,140.0,36.0,39.0,139.0,37.5,13
160,42,140.0,142.0,36.0,39.0,141.0,37.5,13
161,42,142.0,144.0,36.0,39.0,143.0,37.5,25
162,42,144.0,146.0,36.0,39.0,145.0,37.5,34
163,42,146.0,148.0,36.0,39.0,147.0,37.5,35
164,42,148.0,150.0,36.0,39.0,149.0,37.5,23
165,42,150.0,152.0,36.0,39.0,151.0,37.5,21
166,42,152.0,154.0,36.0,39.0,153.0,37.5,14
167,42,154.0,156.0,36.0,39.0,155.0,37.5,18
168,42,156.0,158.0,36.0,39.0,157.0,37.5,9
169,42,158.0,160.0,36.0,39.0,159.0,37.5,16
170,42,160.0,162.0,36.0,39.0,161.0,37.5,11
171,42,162.0,164.0,36.0,39.0,163.0,37.5,9
172,42,164.0,166.0,36.0,39.0,165.0,37.5,12
173,42,166.0,168.0,36.0,39.0,167.0,37.5,8
174,42,168.0,170.0,36.0,39.0,169.0,37.5,7
175,42,170.0,172.0,36.0,39.0,171.0,37.5,4
176,42,172.0,174.0,36.0,39.0,173.0,37.5,4
177,42,174.0,176.0,36.0,39.0,175.0,37.5,6
179,42,178.0,180.0,36.0,39.0,179.0,37.5,1
151,43,122.0,124.0,39.0,42.0,123.0,40.5,8
152,43,124.0,126.0,39.0,42.0,125.0,40.5,1
153,43,126.0,128.0,39.0,42.0,127.0,40.5,4
154,43,128.0,130.0,39.0,42.0,129.0,40.5,7
155,43,130.0,132.0,39.0,42.0,131.0,40.5,4
156,43,132.0,134.0,39.0,42.0,133.0,40.5,12
157,43,134.0,136.0,39.0,42.0,135.0,40.5,4
158,43,136.0,138.0,39.0,42.0,137.0,40.5,8
159,43,138.0,140.0,39.0,42.0,139.0,40.5,4
160,43,140.0,142.0,39.0,42.0,141.0,40.5,10
161,43,142.0,144.0,39.0,42.0,143.0,40.5,11
162,43,144.0,146.0,39.0,42.0,145.0,40.5,10
163,43,146.0,148.0,39.0,42.0,147.0,40.5,19
164,43,148.0,150.0,39.0,42.0,149.0,40.5,13
165,43,150.0,152.0,39.0,42.0,151.0,40.5,18
166,43,152.0,154.0,39.0,42.0,153.0,40.5,10
167,43,154.0,156.0,39.0,42.0,155.0,40.5,15
168,43,156.0,158.0,39.0,42.0,157.0,40.5,4
169,43,158.0,160.0,39.0,42.0,159.0,40.5,4
170,43,160.0,162.0,39.0,42.0,161.0,40.5,5
171,43,162.0,164.0,39.0,42.0,163.0,40.5,11
172,43,164.0,166.0,39.0,42.0,165.0,40.5,9
173,43,166.0,168.0,39.0,42.0,167.0,40.5,6
174,43,168.0,170.0,39.0,42.0,169.0,40.5,9
175,43,170.0,172.0,39.0,42.0,171.0,40.5,1
176,43,172.0,174.0,39.0,42.0,173.0,40.5,2
177,43,174.0,176.0,39.0,42.0,175.0,40.5,1
178,43,176.0,178.0,39.0,42.0,177.0,40.5,1
179,43,178.0,180.0,39.0,42.0,179.0,40.5,1
154,44,128.0,130.0,42.0,45.0,129.0,43.5,1
156,44,132.0,134.0,42.0,45.0,133.0,43.5,6
158,44,136.0,138.0,42.0,45.0,137.0,43.5,3
159,44,138.0,140.0,42.0,45.0,139.0,43.5,1
160,44,140.0,142.0,42.0,45.0,141.0,43.5,1
161,44,142.0,144.0,42.0,45.0,143.0,43.5,2
162,44,144.0,146.0,42.0,45.0,145.0,43.5,6
163,44,146.0,148.0,42.0,45.0,147.0,43.5,7
164,44,148.0,150.0,42.0,45.0,149.0,43.5,5
165,44,150.0,152.0,42.0,45.0,151.0,43.5,4
166,44,152.0,154.0,42.0,45.0,153.0,43.5,6
167,44,154.0,156.0,42.0,45.0,155.0,43.5,3
168,44,156.0,158.0,42.0,45.0,157.0,43.5,6
169,44,158.0,160.0,42.0,45.0,159.0,43.5,1
170,44,160.0,162.0,42.0,45.0,161.0,43.5,2
171,44,162.0,164.0,42.0,45.0,163.0,43.5,6
172,44,164.0,166.0,42.0,45.0,165.0,43.5,3
173,44,166.0,168.0,42.0,45.0,167.0,43.5,2
174,44,168.0,170.0,42.0,45.0,169.0,43.5,5
175,44,170.0,172.0,42.0,45.0,171.0,43.5,2
176,44,172.0,174.0,42.0,45.0,173.0,43.5,2
179,44,178.0,180.0,42.0,45.0,179.0,43.5,1
155,45,130.0,132.0,45.0,48.0,131.0,46.5,1
156,45,132.0,134.0,45.0,48.0,133.0,46.5,2
158,45,136.0,138.0,45.0,48.0,137.0,46.5,2
160,45,140.0,142.0,45.0,48.0,141.0,46.5,2
162,45,144.0,146.0,45.0,48.0,145.0,46.5,4
163,45,146.0,148.0,45.0,48.0,147.0,46.5,2
164,45,148.0,150.0,45.0,48.0,149.0,46.5,1
165,45,150.0,152.0,45.0,48.0,151.0,46.5,3
166,45,152.0,154.0,45.0,48.0,153.0,46.5,2
167,45,154.0,156.0,45.0,48.0,155.0,46.5,2
169,45,158.0,160.0,45.0,48.0,159.0,46.5,2
170,45,160.0,162.0,45.0,48.0,161.0,46.5,1
171,45,162.0,164.0,45.0,48.0,163.0,46.5,2
172,45,164.0,166.0,45.0,48.0,165.0,46.5,1
174,45,168.0,170.0,45.0,48.0,169.0,46.5,1
175,45,170.0,172.0,45.0,48.0,171.0,46.5,2
176,45,172.0,174.0,45.0,48.0,173.0,46.5,2
158,46,136.0,138.0,48.0,51.0,137.0,49.5,1
162,46,144.0,146.0,48.0,51.0,145.0,49.5,1
163,46,146.0,148.0,48.0,51.0,147.0,49.5,2
170,46,160.0,162.0,48.0,51.0,161.0,49.5,1
175,46,170.0,172.0,48.0,51.0,171.0,49.5,1
176,46,172.0,174.0,48.0,51.0,173.0,49.5,1
161,47,142.0,144.0,51.0,54.0,143.0,52.5,1
174,47,168.0,170.0,51.0,54.0,169.0,52.5,1
